row,split,region,true,pred_raw,pred_badcal,correct_raw,correct_badcal,prob_good,prob_medium,prob_bad,is_test,is_bad_core,is_bad_outlier
3949,test,good_medium_overlap,good,medium,medium,False,False,0.3122609853744507,0.6795055866241455,0.008233395405113697,True,False,False
3954,test,good_medium_overlap,good,medium,medium,False,False,0.46829545497894287,0.5264666676521301,0.005237911362200975,True,False,False
4609,test,good_medium_overlap,good,medium,medium,False,False,0.21574902534484863,0.7759600281715393,0.008290952071547508,True,False,False
5271,test,good_medium_overlap,good,medium,medium,False,False,0.41854551434516907,0.5753915309906006,0.006062985863536596,True,False,False
5521,test,good_medium_overlap,good,medium,medium,False,False,0.4933331310749054,0.5008296370506287,0.005837257485836744,True,False,False
6639,test,good_medium_overlap,good,medium,medium,False,False,0.48755499720573425,0.5071336627006531,0.005311352666467428,True,False,False
8536,test,good_medium_overlap,good,medium,medium,False,False,0.09123784303665161,0.9002295136451721,0.008532591164112091,True,False,False
8931,test,good_medium_overlap,good,medium,medium,False,False,0.4073341488838196,0.5855370163917542,0.007128805387765169,True,False,False
9654,test,good_medium_overlap,good,medium,medium,False,False,0.3571135401725769,0.634694516658783,0.008191896602511406,True,False,False
9690,test,good_medium_overlap,good,medium,medium,False,False,0.3376246988773346,0.6541266441345215,0.00824863463640213,True,False,False
10519,test,good_medium_overlap,good,medium,medium,False,False,0.4674060046672821,0.5271062254905701,0.005487779155373573,True,False,False
10540,test,good_medium_overlap,good,medium,medium,False,False,0.2293016016483307,0.762464702129364,0.008233707398176193,True,False,False
10643,test,good_medium_overlap,good,medium,medium,False,False,0.39519891142845154,0.5981365442276001,0.0066645522601902485,True,False,False
10803,test,good_medium_overlap,good,medium,medium,False,False,0.46580740809440613,0.5279483795166016,0.006244244519621134,True,False,False
10855,test,good_medium_overlap,good,medium,medium,False,False,0.4533650279045105,0.5406778454780579,0.00595714058727026,True,False,False
10894,test,good_medium_overlap,good,medium,medium,False,False,0.471876859664917,0.5216891169548035,0.0064340559765696526,True,False,False
10942,test,good_medium_overlap,good,medium,medium,False,False,0.1794740855693817,0.812870979309082,0.007654979359358549,True,False,False
10978,test,good_medium_overlap,good,medium,medium,False,False,0.3079614043235779,0.6839302778244019,0.008108332753181458,True,False,False
11040,test,good_medium_overlap,good,medium,medium,False,False,0.2858123183250427,0.7073190808296204,0.00686856172978878,True,False,False
11057,test,good_medium_overlap,good,medium,medium,False,False,0.4239210784435272,0.5692650079727173,0.006813879124820232,True,False,False
11077,test,good_medium_overlap,good,medium,medium,False,False,0.31973356008529663,0.6723735332489014,0.007892906665802002,True,False,False
11158,test,good_medium_overlap,good,medium,medium,False,False,0.1384212076663971,0.8528741002082825,0.008704646490514278,True,False,False
11196,test,good_medium_overlap,good,medium,medium,False,False,0.33606085181236267,0.6552882194519043,0.008650951087474823,True,False,False
11421,test,good_medium_overlap,good,medium,medium,False,False,0.3246036767959595,0.6669047474861145,0.008491551503539085,True,False,False
11429,test,good_medium_overlap,good,medium,medium,False,False,0.29415902495384216,0.6988242864608765,0.007016684394329786,True,False,False
11502,test,good_medium_overlap,good,medium,medium,False,False,0.4523768723011017,0.5402848124504089,0.007338331546634436,True,False,False
11536,test,good_medium_overlap,good,medium,medium,False,False,0.38696974515914917,0.6045544743537903,0.0084757711738348,True,False,False
11546,test,good_medium_overlap,good,medium,medium,False,False,0.4573020935058594,0.5363737344741821,0.006324217189103365,True,False,False
11566,test,good_medium_overlap,good,medium,medium,False,False,0.31651198863983154,0.6762006282806396,0.007287433836609125,True,False,False
11661,test,good_medium_overlap,good,medium,medium,False,False,0.3004898130893707,0.6932437419891357,0.006266388576477766,True,False,False
11711,test,good_medium_overlap,good,medium,medium,False,False,0.454479455947876,0.5381532907485962,0.007367231883108616,True,False,False
11798,test,good_medium_overlap,good,medium,medium,False,False,0.38456955552101135,0.6093642115592957,0.006066175643354654,True,False,False
11819,test,good_medium_overlap,good,medium,medium,False,False,0.4378966689109802,0.555526852607727,0.006576500367373228,True,False,False
11880,test,good_medium_overlap,good,medium,medium,False,False,0.4917292892932892,0.5012699365615845,0.007000752259045839,True,False,False
11898,test,good_medium_overlap,good,medium,medium,False,False,0.21483948826789856,0.777880847454071,0.007279648911207914,True,False,False
11951,test,good_medium_overlap,good,medium,medium,False,False,0.403845876455307,0.589043140411377,0.007110933773219585,True,False,False
11990,test,good_medium_overlap,good,medium,medium,False,False,0.38541266322135925,0.6089258193969727,0.005661523900926113,True,False,False
12093,test,good_medium_overlap,good,medium,medium,False,False,0.2392682582139969,0.7523320317268372,0.008399748243391514,True,False,False
12131,test,good_medium_overlap,good,medium,medium,False,False,0.472913533449173,0.520837664604187,0.006248787976801395,True,False,False
12198,test,outlier_low_confidence,good,medium,medium,False,False,0.4602104127407074,0.5344269275665283,0.005362661089748144,True,False,False
12210,test,good_medium_overlap,good,medium,medium,False,False,0.18598996102809906,0.8052918314933777,0.008718202821910381,True,False,False
12273,test,good_medium_overlap,good,medium,medium,False,False,0.48300617933273315,0.5085088610649109,0.008484968915581703,True,False,False
12295,test,good_medium_overlap,good,medium,medium,False,False,0.49465250968933105,0.4996073246002197,0.005740136373788118,True,False,False
12311,test,good_medium_overlap,good,medium,medium,False,False,0.4925893247127533,0.4994601011276245,0.00795064214617014,True,False,False
12344,test,good_medium_overlap,good,medium,medium,False,False,0.18488720059394836,0.8066456317901611,0.008467189036309719,True,False,False
12346,test,good_medium_overlap,good,medium,medium,False,False,0.1905628889799118,0.8021454811096191,0.007291621994227171,True,False,False
12367,test,good_medium_overlap,good,medium,medium,False,False,0.36288323998451233,0.6305211186408997,0.00659565906971693,True,False,False
12390,test,good_medium_overlap,good,medium,medium,False,False,0.4730624556541443,0.5200361013412476,0.006901449058204889,True,False,False
12395,test,good_medium_overlap,good,medium,medium,False,False,0.2856338918209076,0.7058200836181641,0.008546028286218643,True,False,False
12398,test,good_medium_overlap,good,medium,medium,False,False,0.2840527892112732,0.7088202238082886,0.007127020973712206,True,False,False
12459,test,good_medium_overlap,good,medium,medium,False,False,0.3547098934650421,0.6377215385437012,0.00756860664114356,True,False,False
12490,test,good_medium_overlap,good,medium,medium,False,False,0.25866344571113586,0.7337507605552673,0.00758576113730669,True,False,False
12515,test,good_medium_overlap,good,medium,medium,False,False,0.3846626579761505,0.6087380051612854,0.006599386688321829,True,False,False
12538,test,good_medium_overlap,good,medium,medium,False,False,0.2720649242401123,0.7191898822784424,0.0087452232837677,True,False,False
12588,test,good_medium_overlap,good,medium,medium,False,False,0.4099392592906952,0.5810152292251587,0.009045535698533058,True,False,False
12607,test,good_medium_overlap,good,medium,medium,False,False,0.13720311224460602,0.8544411063194275,0.008355761878192425,True,False,False
12609,test,good_medium_overlap,good,medium,medium,False,False,0.33512184023857117,0.657297670841217,0.007580493576824665,True,False,False
12634,test,good_medium_overlap,good,medium,medium,False,False,0.3229348063468933,0.6704249382019043,0.006640242412686348,True,False,False
12658,test,good_medium_overlap,good,medium,medium,False,False,0.45030245184898376,0.5410215854644775,0.0086760139092803,True,False,False
12673,test,good_medium_overlap,good,medium,medium,False,False,0.11923828721046448,0.8721490502357483,0.008612679317593575,True,False,False
12703,test,good_medium_overlap,good,medium,medium,False,False,0.2484871745109558,0.7435029745101929,0.008009842596948147,True,False,False
12727,test,good_medium_overlap,good,medium,medium,False,False,0.26717090606689453,0.725319504737854,0.007509630639106035,True,False,False
12729,test,good_medium_overlap,good,medium,medium,False,False,0.32945334911346436,0.6631827354431152,0.0073639340698719025,True,False,False
12737,test,good_medium_overlap,good,medium,medium,False,False,0.16067111492156982,0.8327552676200867,0.006573616061359644,True,False,False
12756,test,good_medium_overlap,good,medium,medium,False,False,0.1299862116575241,0.8613796830177307,0.008634126745164394,True,False,False
12757,test,good_medium_overlap,good,medium,medium,False,False,0.1230575293302536,0.8687095046043396,0.008233016356825829,True,False,False
12771,test,outlier_low_confidence,good,medium,medium,False,False,0.30692651867866516,0.6870992183685303,0.005974290892481804,True,False,False
12802,test,good_medium_overlap,good,medium,medium,False,False,0.31589874625205994,0.6778988242149353,0.006202458869665861,True,False,False
12853,test,outlier_low_confidence,good,medium,medium,False,False,0.2999974489212036,0.6939926743507385,0.006009864620864391,True,False,False
12953,test,good_medium_overlap,good,medium,medium,False,False,0.18756453692913055,0.8052817583084106,0.007153664715588093,True,False,False
12978,test,good_medium_overlap,good,medium,medium,False,False,0.16537237167358398,0.8252280354499817,0.009399550035595894,True,False,False
12984,test,good_medium_overlap,good,medium,medium,False,False,0.06618276238441467,0.9266384840011597,0.007178694475442171,True,False,False
12996,test,outlier_low_confidence,good,medium,medium,False,False,0.3334713578224182,0.6603266596794128,0.0062019675970077515,True,False,False
13000,test,good_medium_overlap,good,medium,medium,False,False,0.27299484610557556,0.7202667593955994,0.0067383768036961555,True,False,False
13004,test,good_medium_overlap,good,medium,medium,False,False,0.1088218092918396,0.8831976652145386,0.007980482652783394,True,False,False
13055,test,outlier_low_confidence,good,medium,medium,False,False,0.459293931722641,0.5353435277938843,0.005362560972571373,True,False,False
13150,test,good_medium_overlap,good,medium,medium,False,False,0.0819036215543747,0.9102069139480591,0.00788949802517891,True,False,False
13170,test,good_medium_overlap,good,medium,medium,False,False,0.08077356964349747,0.9120512008666992,0.007175212725996971,True,False,False
13187,test,good_medium_overlap,good,medium,medium,False,False,0.18777745962142944,0.8050203323364258,0.007202187553048134,True,False,False
13218,test,good_medium_overlap,good,medium,medium,False,False,0.13013586401939392,0.8625271916389465,0.007336946204304695,True,False,False
13229,test,good_medium_overlap,good,medium,medium,False,False,0.18542370200157166,0.805892288684845,0.008683948777616024,True,False,False
13318,test,good_medium_overlap,good,medium,medium,False,False,0.38554322719573975,0.60840904712677,0.006047677714377642,True,False,False
13335,test,good_medium_overlap,good,medium,medium,False,False,0.36156705021858215,0.6322526335716248,0.006180330645292997,True,False,False
13406,test,good_medium_overlap,good,medium,medium,False,False,0.33236002922058105,0.6610730290412903,0.006566964089870453,True,False,False
13408,test,good_medium_overlap,good,medium,medium,False,False,0.4674595594406128,0.5260854363441467,0.006455000024288893,True,False,False
13418,test,outlier_low_confidence,good,medium,medium,False,False,0.2659570574760437,0.7279514074325562,0.006091511342674494,True,False,False
13436,test,good_medium_overlap,good,medium,medium,False,False,0.08212090283632278,0.9101142883300781,0.007764796726405621,True,False,False
13460,test,good_medium_overlap,good,medium,medium,False,False,0.08951539546251297,0.9021631479263306,0.008321497589349747,True,False,False
13484,test,outlier_low_confidence,good,medium,medium,False,False,0.331828773021698,0.6618582606315613,0.006312941666692495,True,False,False
13495,test,good_medium_overlap,good,medium,medium,False,False,0.2981322407722473,0.6927616596221924,0.009106067009270191,True,False,False
13542,test,good_medium_overlap,good,medium,medium,False,False,0.1922113448381424,0.7997787594795227,0.00800991989672184,True,False,False
13557,test,outlier_low_confidence,good,medium,medium,False,False,0.48526400327682495,0.48582950234413147,0.02890651486814022,True,False,False
13580,test,good_medium_overlap,good,medium,medium,False,False,0.18655197322368622,0.8059108257293701,0.007537177763879299,True,False,False
13634,test,good_medium_overlap,good,medium,medium,False,False,0.1818295121192932,0.8097336292266846,0.008436837233603,True,False,False
13671,test,good_medium_overlap,good,medium,medium,False,False,0.42738834023475647,0.5656769275665283,0.006934662815183401,True,False,False
13675,test,outlier_low_confidence,good,medium,medium,False,False,0.197828471660614,0.7937251329421997,0.008446368388831615,True,False,False
13683,test,outlier_low_confidence,good,medium,medium,False,False,0.4143091142177582,0.5787262320518494,0.006964678876101971,True,False,False
13693,test,outlier_low_confidence,good,medium,medium,False,False,0.22218962013721466,0.766012966632843,0.011797457002103329,True,False,False
13730,test,good_medium_overlap,good,medium,medium,False,False,0.46272343397140503,0.5309258103370667,0.006350744981318712,True,False,False
13755,test,good_medium_overlap,good,medium,medium,False,False,0.17324811220169067,0.8171670436859131,0.009584865532815456,True,False,False
13766,test,outlier_low_confidence,good,medium,bad,False,False,0.3956471085548401,0.496778279542923,0.10757455229759216,True,False,False
13771,test,outlier_low_confidence,good,medium,bad,False,False,0.2480323612689972,0.5411214232444763,0.21084623038768768,True,False,False
13821,test,good_medium_overlap,good,medium,medium,False,False,0.19307999312877655,0.7986218333244324,0.008298145607113838,True,False,False
13840,test,outlier_low_confidence,good,medium,medium,False,False,0.04822113737463951,0.9440484642982483,0.007730343844741583,True,False,False
13862,test,outlier_low_confidence,good,medium,medium,False,False,0.11645064502954483,0.8754669427871704,0.008082384243607521,True,False,False
13864,test,outlier_low_confidence,good,medium,medium,False,False,0.3845595419406891,0.6097244024276733,0.005716059822589159,True,False,False
13888,test,outlier_low_confidence,good,medium,bad,False,False,0.25966528058052063,0.5058011412620544,0.23453359305858612,True,False,False
13930,test,good_medium_overlap,good,medium,medium,False,False,0.45925262570381165,0.534802258014679,0.005945084150880575,True,False,False
13940,test,good_medium_overlap,good,medium,medium,False,False,0.08976651728153229,0.9024544358253479,0.007779023144394159,True,False,False
13942,test,outlier_low_confidence,good,medium,medium,False,False,0.27029120922088623,0.7214149236679077,0.008293818682432175,True,False,False
13949,test,good_medium_overlap,good,medium,medium,False,False,0.29026681184768677,0.7013028264045715,0.0084303580224514,True,False,False
13991,test,good_medium_overlap,good,medium,medium,False,False,0.18393118679523468,0.807878315448761,0.008190485648810863,True,False,False
13997,test,good_medium_overlap,good,medium,medium,False,False,0.1089763268828392,0.8826481699943542,0.008375453762710094,True,False,False
13998,test,good_medium_overlap,good,medium,medium,False,False,0.08374884724617004,0.9083939790725708,0.007857109420001507,True,False,False
14004,test,outlier_low_confidence,good,medium,medium,False,False,0.4215492308139801,0.5525246262550354,0.025926170870661736,True,False,False
14025,test,outlier_low_confidence,good,medium,medium,False,False,0.26469480991363525,0.7282896637916565,0.007015484385192394,True,False,False
14045,test,good_medium_overlap,good,medium,medium,False,False,0.49009132385253906,0.5037816762924194,0.006126942578703165,True,False,False
14047,test,good_medium_overlap,good,medium,medium,False,False,0.15709514915943146,0.8347318172454834,0.008173060603439808,True,False,False
14056,test,outlier_low_confidence,good,medium,medium,False,False,0.047139886766672134,0.9415515065193176,0.011308594606816769,True,False,False
14058,test,good_medium_overlap,good,medium,medium,False,False,0.29525378346443176,0.6959221363067627,0.008824104443192482,True,False,False
14071,test,outlier_low_confidence,good,medium,medium,False,False,0.28718286752700806,0.7033922672271729,0.009424926713109016,True,False,False
14087,test,good_medium_overlap,good,medium,medium,False,False,0.24328652024269104,0.7498555183410645,0.006857937667518854,True,False,False
14112,test,outlier_low_confidence,good,medium,bad,False,False,0.24832960963249207,0.718403697013855,0.03326670825481415,True,False,False
14115,test,good_medium_overlap,good,medium,medium,False,False,0.18750475347042084,0.8056128621101379,0.00688240397721529,True,False,False
14134,test,good_medium_overlap,good,medium,medium,False,False,0.23552875220775604,0.7554771304130554,0.008994136936962605,True,False,False
14144,test,good_medium_overlap,good,medium,medium,False,False,0.310945063829422,0.6822808980941772,0.00677402364090085,True,False,False
14159,test,outlier_low_confidence,good,medium,medium,False,False,0.04715128615498543,0.9416087865829468,0.011239919811487198,True,False,False
14190,test,good_medium_overlap,good,medium,medium,False,False,0.1720152199268341,0.8203632235527039,0.007621551398187876,True,False,False
14207,test,good_medium_overlap,good,medium,medium,False,False,0.06239545717835426,0.9306507706642151,0.006953736301511526,True,False,False
14212,test,outlier_low_confidence,good,medium,bad,False,False,0.4002699553966522,0.5615807175636292,0.038149330765008926,True,False,False
14244,test,outlier_low_confidence,good,medium,medium,False,False,0.4007743000984192,0.5913809537887573,0.007844755426049232,True,False,False
14264,test,outlier_low_confidence,good,medium,medium,False,False,0.06161988526582718,0.9295615553855896,0.00881856307387352,True,False,False
14268,test,outlier_low_confidence,good,medium,medium,False,False,0.040527451783418655,0.9486919045448303,0.010780630633234978,True,False,False
14276,test,outlier_low_confidence,good,medium,bad,False,False,0.4254920780658722,0.5005908012390137,0.07391712069511414,True,False,False
14279,test,outlier_low_confidence,good,medium,bad,False,False,0.17438744008541107,0.7800405025482178,0.04557201266288757,True,False,False
14300,test,good_medium_overlap,good,medium,medium,False,False,0.06591903418302536,0.9272597432136536,0.006821214687079191,True,False,False
14308,test,good_medium_overlap,good,medium,medium,False,False,0.2632688581943512,0.7292056679725647,0.007525451015681028,True,False,False
14310,test,outlier_low_confidence,good,medium,medium,False,False,0.48890694975852966,0.49493104219436646,0.016161933541297913,True,False,False
14351,test,outlier_low_confidence,good,medium,medium,False,False,0.46975797414779663,0.5153087377548218,0.014933326281607151,True,False,False
14361,test,good_medium_overlap,good,medium,medium,False,False,0.2800877094268799,0.7119157910346985,0.007996494881808758,True,False,False
14375,test,outlier_low_confidence,good,medium,medium,False,False,0.07014135271310806,0.9212731122970581,0.008585555478930473,True,False,False
14380,test,outlier_low_confidence,good,medium,medium,False,False,0.4672924280166626,0.5057474970817566,0.026960063725709915,True,False,False
14398,test,outlier_low_confidence,good,medium,medium,False,False,0.4826841354370117,0.4986807405948639,0.018635043874382973,True,False,False
14406,test,outlier_low_confidence,good,medium,medium,False,False,0.4587177038192749,0.5224218964576721,0.01886034943163395,True,False,False
14409,test,good_medium_overlap,good,medium,medium,False,False,0.0876891165971756,0.904265820980072,0.008045122027397156,True,False,False
14434,test,outlier_low_confidence,good,medium,medium,False,False,0.30183669924736023,0.6851640939712524,0.012999231927096844,True,False,False
14446,test,good_medium_overlap,good,medium,medium,False,False,0.06512197107076645,0.9278895854949951,0.00698841130360961,True,False,False
14453,test,good_medium_overlap,good,medium,medium,False,False,0.3147857189178467,0.677449107170105,0.007765163201838732,True,False,False
14474,test,outlier_low_confidence,good,medium,medium,False,False,0.04206404462456703,0.9495805501937866,0.008355356752872467,True,False,False
14494,test,good_medium_overlap,good,medium,medium,False,False,0.12773965299129486,0.8644695281982422,0.007790850009769201,True,False,False
14501,test,outlier_low_confidence,good,medium,medium,False,False,0.04674036055803299,0.9373667240142822,0.015892919152975082,True,False,False
14534,test,outlier_low_confidence,good,medium,medium,False,False,0.4194374680519104,0.5647474527359009,0.01581515185534954,True,False,False
14544,test,outlier_low_confidence,good,medium,medium,False,False,0.2899019420146942,0.6978209018707275,0.01227712631225586,True,False,False
14561,test,good_medium_overlap,good,medium,medium,False,False,0.22222590446472168,0.7691348791122437,0.00863923691213131,True,False,False
14564,test,outlier_low_confidence,good,medium,medium,False,False,0.056772105395793915,0.9259333610534668,0.017294591292738914,True,False,False
14569,test,good_medium_overlap,good,medium,medium,False,False,0.06209070608019829,0.9302069544792175,0.007702365983277559,True,False,False
14572,test,good_medium_overlap,good,medium,medium,False,False,0.2657754719257355,0.7274937033653259,0.0067307609133422375,True,False,False
14584,test,outlier_low_confidence,good,medium,medium,False,False,0.44028711318969727,0.5512894988059998,0.008423454128205776,True,False,False
14588,test,outlier_low_confidence,good,medium,medium,False,False,0.2577686309814453,0.7356396913528442,0.0065917219035327435,True,False,False
14599,test,outlier_low_confidence,good,medium,bad,False,False,0.40720707178115845,0.5581818222999573,0.03461112827062607,True,False,False
14601,test,outlier_low_confidence,good,medium,medium,False,False,0.049392521381378174,0.94085294008255,0.009754561819136143,True,False,False
14615,test,good_medium_overlap,good,medium,medium,False,False,0.29941752552986145,0.6939031481742859,0.006679338403046131,True,False,False
14626,test,outlier_low_confidence,good,medium,medium,False,False,0.05617664381861687,0.9310733675956726,0.01274997740983963,True,False,False
14647,test,outlier_low_confidence,good,medium,medium,False,False,0.3207971453666687,0.6636794209480286,0.015523391775786877,True,False,False
14652,test,good_medium_overlap,good,medium,medium,False,False,0.06002587080001831,0.9327232837677002,0.0072508640587329865,True,False,False
14653,test,outlier_low_confidence,good,medium,medium,False,False,0.046076077967882156,0.9385315179824829,0.015392333269119263,True,False,False
14657,test,outlier_low_confidence,good,medium,medium,False,False,0.34972280263900757,0.6352534294128418,0.01502377912402153,True,False,False
14718,test,outlier_low_confidence,good,medium,medium,False,False,0.31602349877357483,0.6777840852737427,0.006192411296069622,True,False,False
14733,test,good_medium_overlap,good,medium,medium,False,False,0.1720847487449646,0.818333089351654,0.009582188911736012,True,False,False
14735,test,outlier_low_confidence,good,medium,medium,False,False,0.3992966413497925,0.5850779414176941,0.015625374391674995,True,False,False
14768,test,outlier_low_confidence,good,medium,medium,False,False,0.4715064764022827,0.5149742960929871,0.01351920422166586,True,False,False
14828,test,outlier_low_confidence,good,medium,medium,False,False,0.492491215467453,0.49861612915992737,0.008892659097909927,True,False,False
14852,test,good_medium_overlap,good,medium,medium,False,False,0.1661377102136612,0.8245545029640198,0.009307758882641792,True,False,False
14858,test,good_medium_overlap,good,medium,medium,False,False,0.25014594197273254,0.7399918437004089,0.0098622627556324,True,False,False
14865,test,good_medium_overlap,good,medium,medium,False,False,0.09932590276002884,0.8925512433052063,0.008122861385345459,True,False,False
14874,test,outlier_low_confidence,good,medium,medium,False,False,0.05375140160322189,0.9262058138847351,0.020042819902300835,True,False,False
14898,test,outlier_low_confidence,good,medium,medium,False,False,0.043665193021297455,0.9321941137313843,0.024140646681189537,True,False,False
14907,test,good_medium_overlap,good,medium,medium,False,False,0.0545244999229908,0.9385080933570862,0.006967405788600445,True,False,False
14947,test,outlier_low_confidence,good,medium,medium,False,False,0.228529691696167,0.755108118057251,0.0163621474057436,True,False,False
14948,test,good_medium_overlap,good,medium,medium,False,False,0.1202007457613945,0.8726567625999451,0.007142447866499424,True,False,False
14975,test,outlier_low_confidence,good,medium,medium,False,False,0.29401785135269165,0.6989072561264038,0.007074863649904728,True,False,False
14977,test,outlier_low_confidence,good,medium,medium,False,False,0.052541907876729965,0.932236909866333,0.01522122323513031,True,False,False
14982,test,outlier_low_confidence,good,medium,medium,False,False,0.42225557565689087,0.5502633452415466,0.02748109959065914,True,False,False
14986,test,outlier_low_confidence,good,medium,medium,False,False,0.04257490113377571,0.9391517043113708,0.018273375928401947,True,False,False
14988,test,outlier_low_confidence,good,medium,medium,False,False,0.049908168613910675,0.9423424601554871,0.0077493865974247456,True,False,False
14994,test,outlier_low_confidence,good,medium,medium,False,False,0.14067909121513367,0.8513672351837158,0.007953726686537266,True,False,False
15022,test,outlier_low_confidence,good,medium,medium,False,False,0.13656176626682281,0.8564735651016235,0.006964684929698706,True,False,False
15059,test,outlier_low_confidence,good,medium,medium,False,False,0.0464516319334507,0.9321584105491638,0.02138993889093399,True,False,False
15060,test,good_medium_overlap,good,medium,medium,False,False,0.08542665839195251,0.9069212675094604,0.007652107626199722,True,False,False
15063,test,outlier_low_confidence,good,medium,medium,False,False,0.04045460745692253,0.9403766989707947,0.019168704748153687,True,False,False
15070,test,outlier_low_confidence,good,medium,medium,False,False,0.33537477254867554,0.6542618870735168,0.010363309644162655,True,False,False
15132,test,outlier_low_confidence,good,medium,medium,False,False,0.043438948690891266,0.9441999197006226,0.012361117638647556,True,False,False
15159,test,outlier_low_confidence,good,medium,medium,False,False,0.0479012131690979,0.9423581957817078,0.009740592911839485,True,False,False
15172,test,good_medium_overlap,good,medium,medium,False,False,0.21937136352062225,0.7727968692779541,0.007831772789359093,True,False,False
15191,test,outlier_low_confidence,good,medium,bad,False,False,0.2254168540239334,0.7377851009368896,0.03679799288511276,True,False,False
15232,test,outlier_low_confidence,good,medium,medium,False,False,0.04869787022471428,0.9435538649559021,0.007748256903141737,True,False,False
15234,test,good_medium_overlap,good,medium,medium,False,False,0.40661129355430603,0.5880683660507202,0.005320379976183176,True,False,False
15239,test,good_medium_overlap,good,medium,medium,False,False,0.07209508866071701,0.919874906539917,0.008029996417462826,True,False,False
15248,test,good_medium_overlap,good,medium,medium,False,False,0.053538959473371506,0.9393898844718933,0.007071168161928654,True,False,False
15261,test,outlier_low_confidence,good,medium,medium,False,False,0.044852759689092636,0.9302589297294617,0.024888334795832634,True,False,False
15268,test,outlier_low_confidence,good,medium,bad,False,False,0.12964385747909546,0.836894154548645,0.03346198797225952,True,False,False
15302,test,outlier_low_confidence,good,medium,medium,False,False,0.3511909246444702,0.6293801665306091,0.019428864121437073,True,False,False
15307,test,good_medium_overlap,good,medium,medium,False,False,0.15071411430835724,0.8404999375343323,0.008785954676568508,True,False,False
15322,test,good_medium_overlap,good,medium,medium,False,False,0.0635988637804985,0.9294764995574951,0.006924684625118971,True,False,False
15340,test,good_medium_overlap,good,medium,medium,False,False,0.2472517341375351,0.7422219514846802,0.010526323691010475,True,False,False
15390,test,outlier_low_confidence,good,medium,medium,False,False,0.041581325232982635,0.9415956735610962,0.016822952777147293,True,False,False
15419,test,outlier_low_confidence,good,medium,medium,False,False,0.46800318360328674,0.5104005932807922,0.021596206352114677,True,False,False
15459,test,good_medium_overlap,good,medium,medium,False,False,0.19747649133205414,0.795028030872345,0.007495475467294455,True,False,False
15463,test,outlier_low_confidence,good,medium,medium,False,False,0.4926263689994812,0.4997679591178894,0.007605681195855141,True,False,False
15469,test,outlier_low_confidence,good,medium,medium,False,False,0.04470553994178772,0.9348317384719849,0.0204627625644207,True,False,False
15495,test,good_medium_overlap,good,medium,medium,False,False,0.1513744443655014,0.8394114375114441,0.009214085526764393,True,False,False
15506,test,outlier_low_confidence,good,medium,bad,False,False,0.24527506530284882,0.5987478494644165,0.15597708523273468,True,False,False
15517,test,good_medium_overlap,good,medium,medium,False,False,0.13171927630901337,0.8612537384033203,0.007026995532214642,True,False,False
15518,test,good_medium_overlap,good,medium,medium,False,False,0.3177976906299591,0.6754378080368042,0.006764520891010761,True,False,False
15539,test,outlier_low_confidence,good,medium,medium,False,False,0.295660138130188,0.6973264813423157,0.007013384252786636,True,False,False
15552,test,outlier_low_confidence,good,medium,medium,False,False,0.1175527423620224,0.8744747638702393,0.007972527295351028,True,False,False
15614,test,outlier_low_confidence,good,medium,medium,False,False,0.187948539853096,0.7985768914222717,0.013474512845277786,True,False,False
15622,test,outlier_low_confidence,good,medium,medium,False,False,0.23758892714977264,0.7481405138969421,0.01427056547254324,True,False,False
15642,test,outlier_low_confidence,good,medium,medium,False,False,0.04184968024492264,0.944304883480072,0.013845400884747505,True,False,False
15651,test,outlier_low_confidence,good,medium,medium,False,False,0.05206889659166336,0.9406567811965942,0.00727432407438755,True,False,False
15672,test,outlier_low_confidence,good,medium,medium,False,False,0.10035623610019684,0.891279935836792,0.008363801054656506,True,False,False
15683,test,good_medium_overlap,good,medium,medium,False,False,0.06246368587017059,0.930888831615448,0.0066475048661231995,True,False,False
15691,test,good_medium_overlap,good,medium,medium,False,False,0.09504717588424683,0.8969788551330566,0.007973939180374146,True,False,False
15748,test,outlier_low_confidence,good,medium,medium,False,False,0.04075825214385986,0.9518722891807556,0.007369425613433123,True,False,False
15751,test,outlier_low_confidence,good,medium,medium,False,False,0.050937701016664505,0.9422541856765747,0.006808158475905657,True,False,False
15760,test,outlier_low_confidence,good,medium,medium,False,False,0.37624746561050415,0.6174968481063843,0.006255730986595154,True,False,False
15807,test,outlier_low_confidence,good,medium,medium,False,False,0.06287607550621033,0.9294657707214355,0.007658157963305712,True,False,False
15808,test,outlier_low_confidence,good,medium,medium,False,False,0.276317298412323,0.7173576354980469,0.006325091235339642,True,False,False
15826,test,good_medium_overlap,good,medium,medium,False,False,0.10596542805433273,0.8871581554412842,0.006876477040350437,True,False,False
15857,test,good_medium_overlap,good,medium,medium,False,False,0.07555622607469559,0.9169732332229614,0.007470468524843454,True,False,False
15911,test,outlier_low_confidence,good,medium,medium,False,False,0.04529256373643875,0.9428535103797913,0.01185392215847969,True,False,False
15925,test,outlier_low_confidence,good,medium,medium,False,False,0.16363786160945892,0.8296192288398743,0.006742897443473339,True,False,False
15935,test,outlier_low_confidence,good,medium,medium,False,False,0.3249604403972626,0.6690115332603455,0.006027992814779282,True,False,False
15959,test,outlier_low_confidence,good,medium,medium,False,False,0.46628913283348083,0.5163837671279907,0.017327124252915382,True,False,False
15966,test,outlier_low_confidence,good,medium,medium,False,False,0.0880388468503952,0.9043423533439636,0.007618844974786043,True,False,False
15970,test,outlier_low_confidence,good,medium,medium,False,False,0.48555707931518555,0.5082930326461792,0.006149926222860813,True,False,False
15978,test,outlier_low_confidence,good,medium,medium,False,False,0.15826140344142914,0.8254258632659912,0.016312798485159874,True,False,False
15986,test,outlier_low_confidence,good,medium,medium,False,False,0.06783446669578552,0.9242121577262878,0.007953396998345852,True,False,False
15990,test,outlier_low_confidence,good,medium,medium,False,False,0.046093765646219254,0.9465882182121277,0.0073180715553462505,True,False,False
15992,test,outlier_low_confidence,good,medium,medium,False,False,0.10271038860082626,0.8898372650146484,0.007452305871993303,True,False,False
15996,test,outlier_low_confidence,good,medium,medium,False,False,0.04462982341647148,0.9477565288543701,0.007613726891577244,True,False,False
16003,test,outlier_low_confidence,good,medium,medium,False,False,0.11225863546133041,0.879695475101471,0.00804588757455349,True,False,False
16005,test,outlier_low_confidence,good,medium,medium,False,False,0.288737952709198,0.7047461271286011,0.00651592155918479,True,False,False
16041,test,outlier_low_confidence,good,medium,medium,False,False,0.06332873553037643,0.925725519657135,0.010945809073746204,True,False,False
16086,test,outlier_low_confidence,good,medium,medium,False,False,0.161311537027359,0.8310417532920837,0.007646702695637941,True,False,False
16111,test,outlier_low_confidence,good,medium,medium,False,False,0.20486485958099365,0.7884755730628967,0.006659611593931913,True,False,False
16167,test,outlier_low_confidence,good,medium,medium,False,False,0.042423658072948456,0.9505401253700256,0.007036207709461451,True,False,False
16171,test,outlier_low_confidence,good,medium,medium,False,False,0.03931782394647598,0.9450421333312988,0.015640078112483025,True,False,False
16178,test,outlier_low_confidence,good,medium,medium,False,False,0.12043184787034988,0.8706892728805542,0.008878873661160469,True,False,False
16188,test,outlier_low_confidence,good,medium,medium,False,False,0.2941052317619324,0.6991557478904724,0.0067390319891273975,True,False,False
16197,test,outlier_low_confidence,good,medium,medium,False,False,0.039738062769174576,0.9459674954414368,0.014294392429292202,True,False,False
16221,test,outlier_low_confidence,good,medium,medium,False,False,0.04498109966516495,0.9483287334442139,0.006690134294331074,True,False,False
16227,test,outlier_low_confidence,good,medium,medium,False,False,0.03907264396548271,0.9404253363609314,0.020501986145973206,True,False,False
16245,test,outlier_low_confidence,good,medium,medium,False,False,0.04282856360077858,0.9498434662818909,0.007328014820814133,True,False,False
16247,test,outlier_low_confidence,good,medium,medium,False,False,0.04599960520863533,0.9470277428627014,0.006972636561840773,True,False,False
16248,test,outlier_low_confidence,good,medium,bad,False,False,0.15348485112190247,0.6800463199615479,0.1664687991142273,True,False,False
16249,test,outlier_low_confidence,good,medium,medium,False,False,0.04239913821220398,0.9500584006309509,0.007542447652667761,True,False,False
16263,test,outlier_low_confidence,good,medium,medium,False,False,0.04082063212990761,0.9385622143745422,0.020617179572582245,True,False,False
16268,test,outlier_low_confidence,good,medium,medium,False,False,0.041012655943632126,0.9517646431922913,0.007222693879157305,True,False,False
16281,test,outlier_low_confidence,good,medium,medium,False,False,0.04678233340382576,0.9450273513793945,0.008190284483134747,True,False,False
16309,test,outlier_low_confidence,good,medium,medium,False,False,0.04290613532066345,0.9455399513244629,0.011553926393389702,True,False,False
16320,test,outlier_low_confidence,good,medium,medium,False,False,0.05066215246915817,0.9417999982833862,0.0075378273613750935,True,False,False
16336,test,outlier_low_confidence,good,medium,medium,False,False,0.03760526701807976,0.9548988938331604,0.007495866157114506,True,False,False
16337,test,outlier_low_confidence,good,medium,medium,False,False,0.039010390639305115,0.9538397789001465,0.007149848621338606,True,False,False
16356,test,outlier_low_confidence,good,medium,medium,False,False,0.0528222881257534,0.9398378133773804,0.007339916657656431,True,False,False
16360,test,outlier_low_confidence,good,medium,medium,False,False,0.037306759506464005,0.9552123546600342,0.007480894681066275,True,False,False
16361,test,outlier_low_confidence,good,medium,medium,False,False,0.15091128647327423,0.8420787453651428,0.0070099784061312675,True,False,False
16366,test,outlier_low_confidence,good,medium,medium,False,False,0.44630250334739685,0.5461472868919373,0.007550230715423822,True,False,False
16374,test,outlier_low_confidence,good,medium,medium,False,False,0.04797245189547539,0.9448961019515991,0.007131469901651144,True,False,False
16393,test,outlier_low_confidence,good,medium,medium,False,False,0.04591353237628937,0.9448026418685913,0.009283757768571377,True,False,False
16394,test,outlier_low_confidence,good,medium,medium,False,False,0.04239092767238617,0.9475419521331787,0.010067123919725418,True,False,False
16417,test,outlier_low_confidence,good,medium,medium,False,False,0.03999971225857735,0.9470586776733398,0.012941614724695683,True,False,False
16422,test,outlier_low_confidence,good,medium,medium,False,False,0.045709699392318726,0.9471190571784973,0.007171213626861572,True,False,False
16429,test,outlier_low_confidence,good,medium,medium,False,False,0.06405771523714066,0.9285471439361572,0.00739513011649251,True,False,False
16438,test,outlier_low_confidence,good,medium,medium,False,False,0.040188781917095184,0.9470468759536743,0.01276433002203703,True,False,False
16442,test,outlier_low_confidence,good,medium,medium,False,False,0.03959934413433075,0.9528448581695557,0.007555794902145863,True,False,False
16445,test,outlier_low_confidence,good,medium,medium,False,False,0.039455439895391464,0.9531254768371582,0.007419123314321041,True,False,False
16450,test,outlier_low_confidence,good,medium,medium,False,False,0.04238547384738922,0.9467419385910034,0.01087255496531725,True,False,False
16453,test,outlier_low_confidence,good,medium,medium,False,False,0.06341081857681274,0.9284558892250061,0.008133339695632458,True,False,False
16456,test,outlier_low_confidence,good,medium,medium,False,False,0.04728637635707855,0.9438135027885437,0.00890011340379715,True,False,False
16460,test,outlier_low_confidence,good,medium,medium,False,False,0.04255791753530502,0.9502184987068176,0.0072236089035868645,True,False,False
16473,test,outlier_low_confidence,good,medium,medium,False,False,0.27883514761924744,0.714480459690094,0.006684371270239353,True,False,False
16481,test,outlier_low_confidence,good,medium,medium,False,False,0.054263561964035034,0.9335647821426392,0.012171678245067596,True,False,False
16499,test,outlier_low_confidence,good,medium,medium,False,False,0.03905140236020088,0.9435216188430786,0.017427047714591026,True,False,False
16502,test,outlier_low_confidence,good,medium,medium,False,False,0.037028972059488297,0.9556293487548828,0.007341647055000067,True,False,False
16513,test,outlier_low_confidence,good,medium,medium,False,False,0.03934921696782112,0.9533107876777649,0.007339952047914267,True,False,False
16522,test,outlier_low_confidence,good,medium,medium,False,False,0.04528595507144928,0.9467313885688782,0.007982654497027397,True,False,False
16530,test,outlier_low_confidence,good,medium,medium,False,False,0.20281222462654114,0.7905166149139404,0.00667120236903429,True,False,False
16531,test,outlier_low_confidence,good,medium,medium,False,False,0.03968678042292595,0.9525429010391235,0.007770347408950329,True,False,False
16539,test,outlier_low_confidence,good,medium,medium,False,False,0.047710634768009186,0.940772294998169,0.011517077684402466,True,False,False
16541,test,outlier_low_confidence,good,medium,medium,False,False,0.04138635843992233,0.9513517618179321,0.007261907681822777,True,False,False
16548,test,outlier_low_confidence,good,medium,medium,False,False,0.038177136331796646,0.9544230103492737,0.0073999022133648396,True,False,False
16564,test,outlier_low_confidence,good,medium,medium,False,False,0.04578116908669472,0.9468445181846619,0.00737427081912756,True,False,False
16566,test,outlier_low_confidence,good,medium,medium,False,False,0.044708818197250366,0.9446741342544556,0.010617059655487537,True,False,False
16571,test,outlier_low_confidence,good,medium,medium,False,False,0.31617850065231323,0.6747382283210754,0.009083314798772335,True,False,False
16574,test,outlier_low_confidence,good,medium,medium,False,False,0.20734015107154846,0.7845231294631958,0.008136646822094917,True,False,False
16575,test,outlier_low_confidence,good,medium,medium,False,False,0.05555126070976257,0.9371246099472046,0.007324162404984236,True,False,False
16579,test,outlier_low_confidence,good,medium,medium,False,False,0.2570631504058838,0.7366693615913391,0.006267487071454525,True,False,False
16589,test,outlier_low_confidence,good,medium,medium,False,False,0.04099973291158676,0.9413630962371826,0.017637213692069054,True,False,False
16592,test,outlier_low_confidence,good,medium,medium,False,False,0.08187252283096313,0.9098312854766846,0.008296172134578228,True,False,False
16599,test,outlier_low_confidence,good,medium,medium,False,False,0.17898382246494293,0.8143545985221863,0.006661581806838512,True,False,False
16600,test,outlier_low_confidence,good,medium,medium,False,False,0.04272361472249031,0.9470615386962891,0.010214836336672306,True,False,False
16608,test,outlier_low_confidence,good,medium,medium,False,False,0.040229432284832,0.94522625207901,0.014544318430125713,True,False,False
16609,test,outlier_low_confidence,good,medium,medium,False,False,0.04196507856249809,0.9508950710296631,0.007139821071177721,True,False,False
16616,test,outlier_low_confidence,good,medium,medium,False,False,0.039650145918130875,0.9529075622558594,0.007442343048751354,True,False,False
16620,test,outlier_low_confidence,good,medium,medium,False,False,0.04744657874107361,0.9445247054100037,0.008028707467019558,True,False,False
16627,test,outlier_low_confidence,good,medium,medium,False,False,0.04009433463215828,0.9519713521003723,0.007934236899018288,True,False,False
16635,test,outlier_low_confidence,good,medium,medium,False,False,0.04116399213671684,0.9512017369270325,0.007634246721863747,True,False,False
16641,test,outlier_low_confidence,good,medium,medium,False,False,0.03968189284205437,0.9525943994522095,0.00772376311942935,True,False,False
16642,test,outlier_low_confidence,good,medium,medium,False,False,0.07697361707687378,0.902442455291748,0.0205838643014431,True,False,False
16643,test,outlier_low_confidence,good,medium,medium,False,False,0.21922369301319122,0.7637725472450256,0.017003724351525307,True,False,False
16644,test,outlier_low_confidence,good,medium,medium,False,False,0.04252805933356285,0.948714554309845,0.008757371455430984,True,False,False
16651,test,outlier_low_confidence,good,medium,medium,False,False,0.041733842343091965,0.9507821202278137,0.007484059315174818,True,False,False
16652,test,outlier_low_confidence,good,medium,medium,False,False,0.1567378044128418,0.8364794254302979,0.0067828050814569,True,False,False
16653,test,outlier_low_confidence,good,medium,medium,False,False,0.03974505513906479,0.9528773427009583,0.007377568632364273,True,False,False
16661,test,outlier_low_confidence,good,medium,medium,False,False,0.05191081762313843,0.9408866763114929,0.007202469278126955,True,False,False
16667,test,outlier_low_confidence,good,medium,medium,False,False,0.04029108211398125,0.9463850855827332,0.013323856517672539,True,False,False
16681,test,outlier_low_confidence,good,medium,medium,False,False,0.1426374912261963,0.8492615222930908,0.008101023733615875,True,False,False
16682,test,outlier_low_confidence,good,medium,medium,False,False,0.0972563847899437,0.8946578502655029,0.008085793815553188,True,False,False
16689,test,outlier_low_confidence,good,medium,medium,False,False,0.04448285698890686,0.9482796788215637,0.007237480953335762,True,False,False
16690,test,outlier_low_confidence,good,medium,medium,False,False,0.03917935863137245,0.9492204785346985,0.011600100435316563,True,False,False
16691,test,outlier_low_confidence,good,medium,medium,False,False,0.2331564575433731,0.7584448456764221,0.008398710750043392,True,False,False
16692,test,outlier_low_confidence,good,medium,medium,False,False,0.043608229607343674,0.9471402168273926,0.009251502342522144,True,False,False
16701,test,outlier_low_confidence,good,medium,medium,False,False,0.037571489810943604,0.9537551999092102,0.00867333821952343,True,False,False
16702,test,outlier_low_confidence,good,medium,medium,False,False,0.0389394648373127,0.9518492817878723,0.00921124778687954,True,False,False
16707,test,outlier_low_confidence,good,medium,medium,False,False,0.05147267505526543,0.9407228231430054,0.007804475724697113,True,False,False
16712,test,outlier_low_confidence,good,medium,medium,False,False,0.08228186517953873,0.9102701544761658,0.0074480194598436356,True,False,False
16716,test,outlier_low_confidence,good,medium,medium,False,False,0.03950041905045509,0.9422394633293152,0.018260158598423004,True,False,False
16717,test,outlier_low_confidence,good,medium,medium,False,False,0.039660852402448654,0.949138343334198,0.011200820095837116,True,False,False
16718,test,outlier_low_confidence,good,medium,medium,False,False,0.04629289358854294,0.946716845035553,0.006990221329033375,True,False,False
16719,test,outlier_low_confidence,good,medium,medium,False,False,0.03934848681092262,0.9528625011444092,0.007789053488522768,True,False,False
16720,test,outlier_low_confidence,good,medium,medium,False,False,0.039145950227975845,0.9481430053710938,0.012711044400930405,True,False,False
16724,test,outlier_low_confidence,good,medium,medium,False,False,0.04818910360336304,0.9446483850479126,0.007162564434111118,True,False,False
16730,test,outlier_low_confidence,good,medium,medium,False,False,0.0846460685133934,0.9082798361778259,0.007074084132909775,True,False,False
16733,test,outlier_low_confidence,good,medium,medium,False,False,0.0429927222430706,0.9493315815925598,0.007675741333514452,True,False,False
16735,test,outlier_low_confidence,good,medium,medium,False,False,0.04117245227098465,0.9500263333320618,0.008801222778856754,True,False,False
16750,test,outlier_low_confidence,good,medium,medium,False,False,0.04270723834633827,0.9358280301094055,0.021464776247739792,True,False,False
16754,test,outlier_low_confidence,good,medium,medium,False,False,0.43353134393692017,0.559359610080719,0.007108991965651512,True,False,False
16758,test,outlier_low_confidence,good,medium,medium,False,False,0.08823775500059128,0.904758632183075,0.007003577891737223,True,False,False
16763,test,outlier_low_confidence,good,medium,medium,False,False,0.03914473205804825,0.953209638595581,0.007645621430128813,True,False,False
16764,test,outlier_low_confidence,good,medium,medium,False,False,0.043162018060684204,0.9491612911224365,0.007676710840314627,True,False,False
16765,test,outlier_low_confidence,good,medium,medium,False,False,0.03728567436337471,0.9550522565841675,0.007662100251764059,True,False,False
16766,test,outlier_low_confidence,good,medium,medium,False,False,0.03531765565276146,0.9542784094810486,0.010403946042060852,True,False,False
16767,test,outlier_low_confidence,good,medium,medium,False,False,0.04003626108169556,0.9454240798950195,0.014539637602865696,True,False,False
16768,test,outlier_low_confidence,good,medium,medium,False,False,0.03901058807969093,0.9533487558364868,0.007640679366886616,True,False,False
16769,test,outlier_low_confidence,good,medium,medium,False,False,0.0408686026930809,0.9468317031860352,0.012299695983529091,True,False,False
16777,test,outlier_low_confidence,good,medium,medium,False,False,0.03828369081020355,0.9505584239959717,0.011157804168760777,True,False,False
16782,test,outlier_low_confidence,good,medium,medium,False,False,0.03873065859079361,0.9539133310317993,0.007356003392487764,True,False,False
16786,test,outlier_low_confidence,good,medium,medium,False,False,0.03954647481441498,0.9532621502876282,0.0071913981810212135,True,False,False
16787,test,outlier_low_confidence,good,medium,medium,False,False,0.04691588506102562,0.9458360075950623,0.0072480752132833,True,False,False
16788,test,outlier_low_confidence,good,medium,medium,False,False,0.03828882798552513,0.9502936601638794,0.01141747459769249,True,False,False
16792,test,outlier_low_confidence,good,medium,medium,False,False,0.041213300079107285,0.950073778629303,0.008712938986718655,True,False,False
16795,test,outlier_low_confidence,good,medium,medium,False,False,0.05441909283399582,0.9378457069396973,0.0077352095395326614,True,False,False
16801,test,outlier_low_confidence,good,medium,medium,False,False,0.05673129856586456,0.9369348287582397,0.006333892233669758,True,False,False
16802,test,outlier_low_confidence,good,medium,medium,False,False,0.037632353603839874,0.9552249908447266,0.007142683956772089,True,False,False
16808,test,outlier_low_confidence,good,medium,medium,False,False,0.03972245752811432,0.9527454972267151,0.00753200426697731,True,False,False
16816,test,outlier_low_confidence,good,medium,medium,False,False,0.03963911533355713,0.9522590637207031,0.00810183584690094,True,False,False
16820,test,outlier_low_confidence,good,medium,medium,False,False,0.040594495832920074,0.951262354850769,0.008143163286149502,True,False,False
16825,test,outlier_low_confidence,good,medium,medium,False,False,0.0393308587372303,0.946699321269989,0.013969842344522476,True,False,False
16828,test,outlier_low_confidence,good,medium,medium,False,False,0.04361111670732498,0.9361692070960999,0.02021963894367218,True,False,False
16830,test,outlier_low_confidence,good,medium,medium,False,False,0.045290134847164154,0.9457336068153381,0.008976246230304241,True,False,False
16834,test,outlier_low_confidence,good,medium,medium,False,False,0.03741227462887764,0.955329954624176,0.007257789373397827,True,False,False
16841,test,outlier_low_confidence,good,medium,medium,False,False,0.037577565759420395,0.9483135342597961,0.014108904637396336,True,False,False
16845,test,outlier_low_confidence,good,medium,medium,False,False,0.07188069820404053,0.9212198853492737,0.006899443455040455,True,False,False
16848,test,outlier_low_confidence,good,medium,medium,False,False,0.038408130407333374,0.9468023180961609,0.0147895822301507,True,False,False
16852,test,outlier_low_confidence,good,medium,medium,False,False,0.03828347474336624,0.9476922750473022,0.014024260453879833,True,False,False
16857,test,outlier_low_confidence,good,medium,medium,False,False,0.04049047455191612,0.9520867466926575,0.007422789931297302,True,False,False
16858,test,outlier_low_confidence,good,medium,medium,False,False,0.041892386972904205,0.9491497278213501,0.008957884274423122,True,False,False
16860,test,outlier_low_confidence,good,medium,medium,False,False,0.046917468309402466,0.9455419778823853,0.007540544494986534,True,False,False
16861,test,outlier_low_confidence,good,medium,medium,False,False,0.03784935921430588,0.9476242661476135,0.014526406303048134,True,False,False
16867,test,outlier_low_confidence,good,medium,medium,False,False,0.03759042173624039,0.9546006917953491,0.00780891627073288,True,False,False
16869,test,outlier_low_confidence,good,medium,medium,False,False,0.03973161801695824,0.9482175707817078,0.01205079723149538,True,False,False
16870,test,outlier_low_confidence,good,medium,medium,False,False,0.037124812602996826,0.9557236433029175,0.007151593919843435,True,False,False
16871,test,outlier_low_confidence,good,medium,medium,False,False,0.050519756972789764,0.9381949305534363,0.011285330168902874,True,False,False
16873,test,outlier_low_confidence,good,medium,medium,False,False,0.03863486275076866,0.954241156578064,0.007123944815248251,True,False,False
16877,test,outlier_low_confidence,good,medium,medium,False,False,0.04184510558843613,0.9498938918113708,0.008261037059128284,True,False,False
16880,test,outlier_low_confidence,good,medium,medium,False,False,0.0410478301346302,0.9479343891143799,0.011017797514796257,True,False,False
16883,test,outlier_low_confidence,good,medium,medium,False,False,0.037815798074007034,0.953196108341217,0.008988105691969395,True,False,False
16884,test,outlier_low_confidence,good,medium,medium,False,False,0.03866169601678848,0.95224529504776,0.009093019179999828,True,False,False
16885,test,outlier_low_confidence,good,medium,medium,False,False,0.03820335119962692,0.950232744216919,0.01156394463032484,True,False,False
16887,test,outlier_low_confidence,good,medium,medium,False,False,0.04529567435383797,0.9442380666732788,0.010466274805366993,True,False,False
16891,test,outlier_low_confidence,good,medium,medium,False,False,0.04068617895245552,0.9518197178840637,0.007494141813367605,True,False,False
16893,test,outlier_low_confidence,good,medium,medium,False,False,0.0426679365336895,0.9474738240242004,0.0098582673817873,True,False,False
16895,test,outlier_low_confidence,good,medium,medium,False,False,0.05909472331404686,0.9344987273216248,0.006406525149941444,True,False,False
16896,test,outlier_low_confidence,good,medium,medium,False,False,0.036764390766620636,0.9543955326080322,0.008840059861540794,True,False,False
16897,test,outlier_low_confidence,good,medium,medium,False,False,0.03742234781384468,0.9550350904464722,0.007542530074715614,True,False,False
16899,test,outlier_low_confidence,good,medium,medium,False,False,0.03761013224720955,0.9520699381828308,0.010319985449314117,True,False,False
16902,test,outlier_low_confidence,good,medium,medium,False,False,0.035434238612651825,0.9563429355621338,0.008222789503633976,True,False,False
16903,test,outlier_low_confidence,good,medium,medium,False,False,0.044146426022052765,0.9433844089508057,0.01246914453804493,True,False,False
16904,test,outlier_low_confidence,good,medium,medium,False,False,0.037776295095682144,0.9534681439399719,0.008755533024668694,True,False,False
16905,test,outlier_low_confidence,good,medium,medium,False,False,0.03892042860388756,0.9532549381256104,0.007824699394404888,True,False,False
16906,test,outlier_low_confidence,good,medium,medium,False,False,0.03729042783379555,0.9523829221725464,0.010326681658625603,True,False,False
16908,test,outlier_low_confidence,good,medium,medium,False,False,0.0354178249835968,0.9560649991035461,0.00851719081401825,True,False,False
16910,test,outlier_low_confidence,good,medium,medium,False,False,0.037272702902555466,0.9505754709243774,0.012151860632002354,True,False,False
16911,test,outlier_low_confidence,good,medium,medium,False,False,0.0402759313583374,0.9481093287467957,0.011614750139415264,True,False,False
16912,test,outlier_low_confidence,good,medium,medium,False,False,0.039000142365694046,0.95163893699646,0.009360911324620247,True,False,False
16913,test,outlier_low_confidence,good,medium,medium,False,False,0.039083387702703476,0.9536508917808533,0.007265742868185043,True,False,False
16914,test,outlier_low_confidence,good,medium,medium,False,False,0.04425365477800369,0.9477124214172363,0.008033926598727703,True,False,False
16915,test,outlier_low_confidence,good,medium,medium,False,False,0.03786415606737137,0.9518609642982483,0.010274863801896572,True,False,False
16916,test,outlier_low_confidence,good,medium,medium,False,False,0.05818714201450348,0.9346091747283936,0.007203671149909496,True,False,False
16917,test,outlier_low_confidence,good,medium,medium,False,False,0.04407917335629463,0.9477768540382385,0.00814394373446703,True,False,False
16918,test,outlier_low_confidence,good,medium,medium,False,False,0.03904544934630394,0.9526160955429077,0.0083384420722723,True,False,False
16919,test,outlier_low_confidence,good,medium,medium,False,False,0.03723442927002907,0.9523243308067322,0.010441232472658157,True,False,False
16920,test,outlier_low_confidence,good,medium,medium,False,False,0.04114179685711861,0.9514642953872681,0.007393856532871723,True,False,False
16921,test,outlier_low_confidence,good,medium,medium,False,False,0.037849947810173035,0.9518160223960876,0.010333972983062267,True,False,False
16922,test,outlier_low_confidence,good,medium,medium,False,False,0.0394175723195076,0.951790988445282,0.008791422471404076,True,False,False
16927,test,outlier_low_confidence,good,medium,medium,False,False,0.04216866195201874,0.9453307390213013,0.012500597164034843,True,False,False
16928,test,outlier_low_confidence,good,medium,medium,False,False,0.039355549961328506,0.9458081722259521,0.014836311340332031,True,False,False
16931,test,outlier_low_confidence,good,medium,medium,False,False,0.034885164350271225,0.9571952223777771,0.007919573225080967,True,False,False
16932,test,outlier_low_confidence,good,medium,medium,False,False,0.04130261391401291,0.9463635087013245,0.012333876453340054,True,False,False
16934,test,outlier_low_confidence,good,medium,medium,False,False,0.04295507073402405,0.9495192170143127,0.007525701075792313,True,False,False
16935,test,outlier_low_confidence,good,medium,medium,False,False,0.03980482369661331,0.9517828822135925,0.008412251248955727,True,False,False
16936,test,outlier_low_confidence,good,medium,medium,False,False,0.036205872893333435,0.9558542966842651,0.007939821109175682,True,False,False
16938,test,outlier_low_confidence,good,medium,medium,False,False,0.03680530562996864,0.9553879499435425,0.007806774228811264,True,False,False
16940,test,outlier_low_confidence,good,medium,medium,False,False,0.038073401898145676,0.951647162437439,0.010279386304318905,True,False,False
16941,test,outlier_low_confidence,good,medium,medium,False,False,0.03705640137195587,0.9555777311325073,0.0073658800683915615,True,False,False
16942,test,outlier_low_confidence,good,medium,medium,False,False,0.06518401205539703,0.9273055195808411,0.0075104013085365295,True,False,False
16944,test,outlier_low_confidence,good,medium,medium,False,False,0.03802381083369255,0.9542566537857056,0.00771951861679554,True,False,False
16945,test,outlier_low_confidence,good,medium,medium,False,False,0.0369848869740963,0.9546116590499878,0.00840349867939949,True,False,False
16947,test,outlier_low_confidence,good,medium,medium,False,False,0.03726369887590408,0.9525500535964966,0.010186316445469856,True,False,False
16948,test,outlier_low_confidence,good,medium,medium,False,False,0.03559470549225807,0.9561725854873657,0.008232701569795609,True,False,False
16949,test,outlier_low_confidence,good,medium,medium,False,False,0.03643709421157837,0.9532095193862915,0.010353346355259418,True,False,False
16950,test,outlier_low_confidence,good,medium,medium,False,False,0.03644523397088051,0.9532573819160461,0.010297373868525028,True,False,False
16952,test,outlier_low_confidence,good,medium,medium,False,False,0.03790627792477608,0.9546615481376648,0.00743221677839756,True,False,False
16953,test,outlier_low_confidence,good,medium,medium,False,False,0.06755658984184265,0.9253717660903931,0.007071684114634991,True,False,False
16954,test,outlier_low_confidence,good,medium,medium,False,False,0.04126976430416107,0.9511442184448242,0.007586000487208366,True,False,False
16956,test,outlier_low_confidence,good,medium,medium,False,False,0.037189166992902756,0.9552594423294067,0.0075513641349971294,True,False,False
16957,test,outlier_low_confidence,good,medium,medium,False,False,0.03861267864704132,0.9537445902824402,0.00764270406216383,True,False,False
16958,test,outlier_low_confidence,good,medium,medium,False,False,0.04329349100589752,0.9480279088020325,0.008678548969328403,True,False,False
16959,test,outlier_low_confidence,good,medium,medium,False,False,0.036034390330314636,0.9562694430351257,0.00769610283896327,True,False,False
16960,test,outlier_low_confidence,good,medium,medium,False,False,0.03732084482908249,0.9549471139907837,0.007732028607279062,True,False,False
16962,test,outlier_low_confidence,good,medium,medium,False,False,0.036974258720874786,0.9555940628051758,0.007431620266288519,True,False,False
16963,test,outlier_low_confidence,good,medium,medium,False,False,0.044335201382637024,0.9479257464408875,0.007739095017313957,True,False,False
16964,test,outlier_low_confidence,good,medium,medium,False,False,0.03592702001333237,0.9543542861938477,0.009718676097691059,True,False,False
16965,test,outlier_low_confidence,good,medium,medium,False,False,0.1619308739900589,0.8296772837638855,0.008391814306378365,True,False,False
16967,test,outlier_low_confidence,good,medium,medium,False,False,0.03790994733572006,0.9489520192146301,0.013138030655682087,True,False,False
16968,test,outlier_low_confidence,good,medium,medium,False,False,0.03599245846271515,0.95428466796875,0.009722893126308918,True,False,False
16969,test,outlier_low_confidence,good,medium,medium,False,False,0.04502493515610695,0.9469777345657349,0.007997339591383934,True,False,False
16970,test,outlier_low_confidence,good,medium,medium,False,False,0.03738943487405777,0.9513447880744934,0.011265859939157963,True,False,False
16971,test,outlier_low_confidence,good,medium,medium,False,False,0.05641258507966995,0.9360848069190979,0.007502603344619274,True,False,False
16972,test,outlier_low_confidence,good,medium,medium,False,False,0.04358828440308571,0.9478344917297363,0.008577273227274418,True,False,False
16974,test,outlier_low_confidence,good,medium,medium,False,False,0.0385151132941246,0.9532527327537537,0.008232110179960728,True,False,False
16975,test,outlier_low_confidence,good,medium,medium,False,False,0.037594228982925415,0.955207347869873,0.007198386825621128,True,False,False
16976,test,outlier_low_confidence,good,medium,medium,False,False,0.038114968687295914,0.9513714909553528,0.010513543151319027,True,False,False
16977,test,outlier_low_confidence,good,medium,medium,False,False,0.035657454282045364,0.9564806818962097,0.00786193273961544,True,False,False
16978,test,outlier_low_confidence,good,medium,medium,False,False,0.03912504389882088,0.9528917074203491,0.007983262650668621,True,False,False
16979,test,outlier_low_confidence,good,medium,medium,False,False,0.04167754575610161,0.9501305818557739,0.008191823959350586,True,False,False
16981,test,outlier_low_confidence,good,medium,medium,False,False,0.04376842454075813,0.9480983018875122,0.008133256807923317,True,False,False
16985,test,outlier_low_confidence,good,medium,medium,False,False,0.0394696481525898,0.948627233505249,0.01190308015793562,True,False,False
16986,test,outlier_low_confidence,good,medium,medium,False,False,0.03623287007212639,0.9556509852409363,0.008116137236356735,True,False,False
16988,test,outlier_low_confidence,good,medium,medium,False,False,0.03799004107713699,0.9497290253639221,0.01228097453713417,True,False,False
16990,test,outlier_low_confidence,good,medium,medium,False,False,0.04285132884979248,0.949601411819458,0.007547208108007908,True,False,False
16991,test,outlier_low_confidence,good,medium,medium,False,False,0.036136820912361145,0.956123411655426,0.007739799562841654,True,False,False
16994,test,outlier_low_confidence,good,medium,medium,False,False,0.03759029880166054,0.9543038010597229,0.008105913177132607,True,False,False
16995,test,outlier_low_confidence,good,medium,medium,False,False,0.03730656951665878,0.9524694681167603,0.010223949328064919,True,False,False
16998,test,outlier_low_confidence,good,medium,medium,False,False,0.037209317088127136,0.9551364183425903,0.007654269691556692,True,False,False
16999,test,outlier_low_confidence,good,medium,medium,False,False,0.038385696709156036,0.9494120478630066,0.012202235870063305,True,False,False
17000,test,outlier_low_confidence,good,medium,medium,False,False,0.03825736045837402,0.952271044254303,0.009471644647419453,True,False,False
17002,test,outlier_low_confidence,good,medium,medium,False,False,0.0380031056702137,0.949430525302887,0.012566370889544487,True,False,False
17003,test,outlier_low_confidence,good,medium,medium,False,False,0.036189835518598557,0.9546318650245667,0.009178319945931435,True,False,False
17006,test,outlier_low_confidence,good,medium,medium,False,False,0.0375625416636467,0.954387366771698,0.008050121366977692,True,False,False
17010,test,outlier_low_confidence,good,medium,medium,False,False,0.03743697330355644,0.9540227055549622,0.008540360257029533,True,False,False
17011,test,outlier_low_confidence,good,medium,medium,False,False,0.0456918440759182,0.9443585872650146,0.009949561208486557,True,False,False
17012,test,outlier_low_confidence,good,medium,medium,False,False,0.039069656282663345,0.9512696862220764,0.00966064166277647,True,False,False
17013,test,outlier_low_confidence,good,medium,medium,False,False,0.03803175315260887,0.9546735882759094,0.007294659502804279,True,False,False
17014,test,outlier_low_confidence,good,medium,medium,False,False,0.036827895790338516,0.9545595049858093,0.008612576872110367,True,False,False
17015,test,outlier_low_confidence,good,medium,medium,False,False,0.03761866316199303,0.9538742899894714,0.008507080376148224,True,False,False
17017,test,outlier_low_confidence,good,medium,medium,False,False,0.03674958273768425,0.9534489512443542,0.009801500476896763,True,False,False
17019,test,outlier_low_confidence,good,medium,medium,False,False,0.03936440870165825,0.9511855244636536,0.009450000710785389,True,False,False
17020,test,outlier_low_confidence,good,medium,medium,False,False,0.04335511848330498,0.9453461170196533,0.011298826895654202,True,False,False
17022,test,outlier_low_confidence,good,medium,medium,False,False,0.03831065073609352,0.948126494884491,0.013562892563641071,True,False,False
17024,test,outlier_low_confidence,good,medium,medium,False,False,0.03899778798222542,0.9495457410812378,0.011456449516117573,True,False,False
17025,test,outlier_low_confidence,good,medium,medium,False,False,0.03739733248949051,0.9531457424163818,0.00945688970386982,True,False,False
17028,test,outlier_low_confidence,good,medium,medium,False,False,0.03818873316049576,0.9527378678321838,0.009073391556739807,True,False,False
17030,test,outlier_low_confidence,good,medium,medium,False,False,0.03862178325653076,0.951736569404602,0.009641632437705994,True,False,False
17032,test,outlier_low_confidence,good,medium,medium,False,False,0.03625142574310303,0.9467065930366516,0.017042042687535286,True,False,False
17034,test,outlier_low_confidence,good,medium,medium,False,False,0.05673714727163315,0.9351440668106079,0.008118757978081703,True,False,False
17035,test,outlier_low_confidence,good,medium,medium,False,False,0.06018504127860069,0.932580292224884,0.007234685122966766,True,False,False
17037,test,outlier_low_confidence,good,medium,medium,False,False,0.04777169227600098,0.9443376660346985,0.007890679873526096,True,False,False
17038,test,outlier_low_confidence,good,medium,medium,False,False,0.04089523106813431,0.9509056210517883,0.008199108764529228,True,False,False
17039,test,outlier_low_confidence,good,medium,medium,False,False,0.036997418850660324,0.9548924565315247,0.008110166527330875,True,False,False
17040,test,outlier_low_confidence,good,medium,medium,False,False,0.03975103050470352,0.951430082321167,0.008818897418677807,True,False,False
17041,test,outlier_low_confidence,good,medium,medium,False,False,0.040453262627124786,0.9510543942451477,0.008492283523082733,True,False,False
17042,test,outlier_low_confidence,good,medium,medium,False,False,0.04293413087725639,0.9487361907958984,0.008329643867909908,True,False,False
