variant_label,feature,ks,target_median,synth_median,median_gap_iqr,target_q05,synth_q05,target_q95,synth_q95,target_below_synth_q01_frac,target_above_synth_q99_frac,target_below_synth_q05_frac,target_above_synth_q95_frac,tail_gap_type,median_direction,range_gap_iqr,variant_id
best_trained_base_scan029,sqi_iSQI,1.0,0.0,0.8333333333332986,-833333333.3332986,0.0,0.6923076923076658,0.0,0.99999999999995,1.0,0.0,1.0,0.0,missing_low_tail,target_lower,692307692.3076657,nl_n6800_gm_trim_bad_scan_029_sc_overlap_narrow_oscillato_18aa71dcf07e
best_trained_base_scan029,mean_abs,0.6062316176470588,0.1320511214102152,0.09143440311844456,2.1256779270906443,0.10779596753241406,0.05720676487159505,0.1529464993658627,0.18577783628986216,0.0,0.0,0.0,0.0004411764705882353,center_or_both_tails,target_higher,0.0,nl_n6800_gm_trim_bad_scan_029_sc_overlap_narrow_oscillato_18aa71dcf07e
best_trained_base_scan029,sqi_bSQI,0.49490808823529414,0.9090909090908263,0.8076923076922767,1.2066433566426555,0.69999999999993,0.6666666666666412,0.99999999999995,0.99999999999995,0.021911764705882353,0.0017647058823529412,0.04176470588235294,0.04323529411764706,center_or_both_tails,target_higher,0.0,nl_n6800_gm_trim_bad_scan_029_sc_overlap_narrow_oscillato_18aa71dcf07e
best_trained_base_scan029,hjorth_activity,0.44957720588235295,0.046351872783297346,0.02634052208441485,0.6612005955855463,0.026091059902315382,0.006906664081029275,0.09513725293263792,0.08384683874807114,0.0,0.0,0.0,0.0888235294117647,missing_high_tail,target_higher,0.37304971041559615,nl_n6800_gm_trim_bad_scan_029_sc_overlap_narrow_oscillato_18aa71dcf07e
best_trained_base_scan029,std,0.44957720588235295,0.21529483740833405,0.1622972870071524,0.7594403267623759,0.161527251981388,0.08310607123513586,0.3084432672031275,0.2895595824031352,0.0,0.0,0.0,0.0888235294117647,missing_high_tail,target_higher,0.2705980115387393,nl_n6800_gm_trim_bad_scan_029_sc_overlap_narrow_oscillato_18aa71dcf07e
best_trained_base_scan029,rms,0.4319577205882353,0.21817561857461526,0.16598039931048542,0.7251757522620009,0.16283436656277478,0.08395772441388093,0.3157985626728129,0.29552880578737484,0.0,0.0,0.0,0.0875,missing_high_tail,target_higher,0.28161843948162385,nl_n6800_gm_trim_bad_scan_029_sc_overlap_narrow_oscillato_18aa71dcf07e
best_trained_base_scan029,sqi_pSQI,0.38448529411764704,0.5796416693176585,0.6421788158140713,-0.9047909802293557,0.5140206710537001,0.4527684247533191,0.6805920952126249,0.8706922102953434,0.00014705882352941175,0.0,0.005294117647058823,0.00014705882352941175,center_or_both_tails,target_lower,0.0,nl_n6800_gm_trim_bad_scan_029_sc_overlap_narrow_oscillato_18aa71dcf07e
best_trained_base_scan029,band_1_5,0.3814430147058824,0.207657989822072,0.28770505044238703,-0.9214131083878895,0.11047369586062412,0.14268308907115868,0.3978850791600749,0.5431186731404459,0.058823529411764705,0.0,0.13397058823529412,0.0075,missing_low_tail,target_lower,0.3707588621920547,nl_n6800_gm_trim_bad_scan_029_sc_overlap_narrow_oscillato_18aa71dcf07e
best_trained_base_scan029,diff_abs_p95,0.36971507352941174,0.2667609473690389,0.1575013010762631,0.6381210836121535,0.07655783567577598,0.06528119705617419,0.44113837031647496,0.3543382443487644,0.01161764705882353,0.1126470588235294,0.03470588235294118,0.2338235294117647,missing_high_tail,target_higher,0.5069482862114043,nl_n6800_gm_trim_bad_scan_029_sc_overlap_narrow_oscillato_18aa71dcf07e
best_trained_base_scan029,hf_ratio,0.36189338235294116,0.1418219696501608,0.0948377514090916,0.7449863602406703,0.041250854421403776,0.022146351145794524,0.2078551075375283,0.23492236321589086,0.003970588235294117,0.0007352941176470588,0.013529411764705882,0.0125,center_or_both_tails,target_higher,0.0,nl_n6800_gm_trim_bad_scan_029_sc_overlap_narrow_oscillato_18aa71dcf07e
best_trained_base_scan029,non_qrs_diff_p95,0.3298988970588235,0.10551272956654414,0.0711228876840323,0.5350258652261873,0.043727522175758954,0.034536175942048344,0.21586166305467452,0.17649940413539272,0.009117647058823529,0.01926470588235294,0.020294117647058824,0.12529411764705883,missing_high_tail,target_higher,0.6123850963750851,nl_n6800_gm_trim_bad_scan_029_sc_overlap_narrow_oscillato_18aa71dcf07e
best_trained_base_scan029,ptp_p99_p01,0.3235661764705882,1.3402539010345933,1.0189849634468553,0.555438607762239,0.7911232970505953,0.49952520955353974,2.0029873564913867,1.7903792763501405,0.0,0.0033823529411764705,0.0,0.13794117647058823,missing_high_tail,target_higher,0.3675759534032323,nl_n6800_gm_trim_bad_scan_029_sc_overlap_narrow_oscillato_18aa71dcf07e
best_trained_base_scan029,wavelet_e4,0.29408088235294116,0.00748722300813795,0.0046837248752174,0.4637587446025344,0.001199081189478945,0.001128315003846875,0.015596244702505264,0.016150359692563628,0.025294117647058825,0.0014705882352941176,0.045441176470588235,0.04426470588235294,center_or_both_tails,target_higher,0.0,nl_n6800_gm_trim_bad_scan_029_sc_overlap_narrow_oscillato_18aa71dcf07e
best_trained_base_scan029,band_30_45,0.2909834558823529,0.029728287923601403,0.01935493916658805,0.48432069520526233,0.00911401081823549,0.00545940961429065,0.056352374910295745,0.061314187666269525,0.010441176470588235,0.0022058823529411764,0.017205882352941175,0.03426470588235294,center_or_both_tails,target_higher,0.0,nl_n6800_gm_trim_bad_scan_029_sc_overlap_narrow_oscillato_18aa71dcf07e
best_trained_base_scan029,diff_zero_crossing_rate,0.2897150735294118,0.4807692307692308,0.452724358974359,0.29661016949152536,0.3317307692307692,0.3711939102564102,0.5849358974358975,0.5192307692307693,0.029411764705882353,0.11205882352941177,0.10602941176470589,0.25176470588235295,missing_high_tail,target_higher,0.6949152542372876,nl_n6800_gm_trim_bad_scan_029_sc_overlap_narrow_oscillato_18aa71dcf07e
best_trained_base_scan029,band_15_30,0.28873161764705885,0.24283120247031484,0.17723236363536804,0.7418906462304456,0.06564602927869385,0.0354042338552882,0.31591899131025813,0.3214323781147106,0.001176470588235294,0.000588235294117647,0.011764705882352941,0.03720588235294118,center_or_both_tails,target_higher,0.0,nl_n6800_gm_trim_bad_scan_029_sc_overlap_narrow_oscillato_18aa71dcf07e
best_trained_base_scan029,qrs_width_median,0.2883088235294118,0.0211779147380511,0.0225977113553748,-0.425687155543845,0.01798490495653942,0.01715385569828585,0.02860763148033566,0.042205514483354224,0.0007352941176470588,0.0058823529411764705,0.007647058823529412,0.016911764705882352,center_or_both_tails,target_lower,0.0,nl_n6800_gm_trim_bad_scan_029_sc_overlap_narrow_oscillato_18aa71dcf07e
best_trained_base_scan029,spectral_entropy,0.28020220588235295,0.7893228424861936,0.7417871837565146,0.4843370609854144,0.6055660621116344,0.6126366966655918,0.8495155085146664,0.8408356095132081,0.012205882352941176,0.026470588235294117,0.05485294117647059,0.10338235294117647,missing_high_tail,target_higher,0.08843880329761296,nl_n6800_gm_trim_bad_scan_029_sc_overlap_narrow_oscillato_18aa71dcf07e
best_trained_base_scan029,detail_instability,0.2685294117647059,1.1123475790674604,0.8110387977763458,0.5188761804422569,0.4939781677934125,0.46368611932996845,1.7569641912558325,1.5260928073909157,0.013823529411764707,0.02838235294117647,0.03529411764705882,0.14455882352941177,missing_high_tail,target_higher,0.3975777317870648,nl_n6800_gm_trim_bad_scan_029_sc_overlap_narrow_oscillato_18aa71dcf07e
best_trained_base_scan029,lf_ratio,0.24869485294117646,0.06715480518140074,0.02993480107797125,0.2339708316826016,0.00501923496706526,0.007810158351634025,0.4908699252636009,0.322107441146363,0.031176470588235295,0.05029411764705882,0.08705882352941176,0.11926470588235294,missing_high_tail,target_higher,1.060867662883835,nl_n6800_gm_trim_bad_scan_029_sc_overlap_narrow_oscillato_18aa71dcf07e
best_trained_base_scan029,band_0p3_1,0.24869485294117646,0.06715480518140074,0.02993480107797125,0.2339708316826016,0.00501923496706526,0.007810158351634025,0.4908699252636009,0.322107441146363,0.031176470588235295,0.05029411764705882,0.08705882352941176,0.11926470588235294,missing_high_tail,target_higher,1.060867662883835,nl_n6800_gm_trim_bad_scan_029_sc_overlap_narrow_oscillato_18aa71dcf07e
best_trained_base_scan029,hjorth_mobility,0.22770220588235293,0.6299365300340141,0.5548648420184704,0.4741659558132071,0.29348514788667474,0.3208677080022278,0.7482536939921153,0.7569112565887106,0.03132352941176471,0.0013235294117647058,0.06705882352941177,0.03691176470588235,missing_low_tail,target_higher,0.17295305504673747,nl_n6800_gm_trim_bad_scan_029_sc_overlap_narrow_oscillato_18aa71dcf07e
best_trained_base_scan029,diff_abs_median,0.22705882352941176,0.023520307615399298,0.018281629309058148,0.3954291873654503,0.0095679717138409,0.00858605280518525,0.047573943808674704,0.03934579365886745,0.007941176470588234,0.03823529411764706,0.027941176470588237,0.09544117647058824,missing_high_tail,target_higher,0.621082367917269,nl_n6800_gm_trim_bad_scan_029_sc_overlap_narrow_oscillato_18aa71dcf07e
best_trained_base_scan029,sample_entropy_proxy,0.21425551470588236,0.5117133818268584,0.5483760359598819,-0.37879205591437304,0.3942004475844756,0.400814632673594,0.6487675272462959,0.7471106963519727,0.020588235294117647,0.0,0.060441176470588234,0.0014705882352941176,missing_low_tail,target_lower,0.06833659011742543,nl_n6800_gm_trim_bad_scan_029_sc_overlap_narrow_oscillato_18aa71dcf07e
best_trained_base_scan029,qrs_slope_median,0.20688419117647058,2.6496984873924863,2.0097121144798997,0.3129439495636833,0.31226620064090765,0.32172147224827563,3.615661232862882,3.558571614301005,0.029264705882352943,0.006470588235294118,0.05382352941176471,0.07176470588235294,center_or_both_tails,target_higher,0.027915986133470776,nl_n6800_gm_trim_bad_scan_029_sc_overlap_narrow_oscillato_18aa71dcf07e
best_trained_base_scan029,periodicity,0.1948345588235294,0.8064293618372984,0.7926986409873439,0.13555959516829222,0.7381539395905039,0.7280989704582439,0.9850916698973435,0.8969268079514825,0.007058823529411765,0.07294117647058823,0.0275,0.2,missing_high_tail,target_higher,0.8704272065576861,nl_n6800_gm_trim_bad_scan_029_sc_overlap_narrow_oscillato_18aa71dcf07e
best_trained_base_scan029,wavelet_e3,0.18192095588235294,0.06554559284783909,0.04765087088333865,0.37310331243986994,0.009349740627857645,0.0067886357670707,0.11403234354809175,0.11574218438184722,0.012352941176470587,0.0008823529411764706,0.0325,0.04441176470588235,center_or_both_tails,target_higher,0.0,nl_n6800_gm_trim_bad_scan_029_sc_overlap_narrow_oscillato_18aa71dcf07e
best_trained_base_scan029,baseline_step,0.17174632352941177,0.6545280848315063,0.5138794791459096,0.233125389415326,0.22647946040907715,0.25104173528035,1.6979897721648094,1.6335711939887965,0.02073529411764706,0.01338235294117647,0.06779411764705882,0.058529411764705885,center_or_both_tails,target_higher,0.10677394240533546,nl_n6800_gm_trim_bad_scan_029_sc_overlap_narrow_oscillato_18aa71dcf07e
best_trained_base_scan029,local_rms_cv,0.16840073529411764,0.1680181778255857,0.14563750171373,0.1636539702168522,0.0832477194773219,0.07334730920626373,0.5165171374101901,0.4635376410882537,0.0007352941176470588,0.029264705882352943,0.03132352941176471,0.07323529411764707,missing_high_tail,target_higher,0.3874013845623323,nl_n6800_gm_trim_bad_scan_029_sc_overlap_narrow_oscillato_18aa71dcf07e
best_trained_base_scan029,detector_count_std,0.16338235294117648,2.160246899469287,1.699673171197595,0.2714524744664266,0.4714045207910317,0.4714045207910317,4.109609335312651,3.741657386773941,0.0,0.018235294117647058,0.038088235294117645,0.09338235294117647,missing_high_tail,target_higher,0.21686314434473397,nl_n6800_gm_trim_bad_scan_029_sc_overlap_narrow_oscillato_18aa71dcf07e
best_trained_base_scan029,detector_agreement,0.16338235294117648,0.3164309725825327,0.3704152082810796,-0.28199093799865715,0.1957096784462507,0.2108967220595339,0.6796227589829592,0.6796227589829592,0.018235294117647058,0.0,0.09338235294117647,0.038088235294117645,missing_low_tail,target_lower,0.0793307271747022,nl_n6800_gm_trim_bad_scan_029_sc_overlap_narrow_oscillato_18aa71dcf07e
best_trained_base_scan029,spurious_peak_density,0.15314338235294117,5.7,5.9,-0.2500000000000003,4.7,5.0,6.7,6.7,0.02176470588235294,0.00926470588235294,0.1111764705882353,0.03602941176470588,missing_low_tail,target_lower,0.37499999999999983,nl_n6800_gm_trim_bad_scan_029_sc_overlap_narrow_oscillato_18aa71dcf07e
best_trained_base_scan029,medium_detail_unreliable_score,0.15021139705882353,0.24402235336777306,0.15079005087743663,0.3217057409754024,0.022655791036582145,0.021350856868239378,0.44928540713665693,0.44262027164851137,0.009705882352941177,0.0027941176470588237,0.047058823529411764,0.060147058823529415,center_or_both_tails,target_higher,0.022998599129712246,nl_n6800_gm_trim_bad_scan_029_sc_overlap_narrow_oscillato_18aa71dcf07e
best_trained_base_scan029,sqi_basSQI,0.14932904411764705,0.9434639174293884,0.9604754102469597,-0.13254122525824777,0.5853351861375841,0.7856826325759618,0.9925156664564356,0.9894381266132751,0.05029411764705882,0.03676470588235294,0.165,0.08544117647058823,missing_low_tail,target_lower,1.5609621279606698,nl_n6800_gm_trim_bad_scan_029_sc_overlap_narrow_oscillato_18aa71dcf07e
best_trained_base_scan029,non_qrs_rms_ratio,0.14332720588235295,0.4960938607658666,0.44253605135026525,0.22780331040890733,0.3003726913585725,0.2684727008522895,0.8180356278543981,0.7915677667676575,0.001176470588235294,0.010588235294117647,0.017205882352941175,0.0651470588235294,missing_high_tail,target_higher,0.11257865922436755,nl_n6800_gm_trim_bad_scan_029_sc_overlap_narrow_oscillato_18aa71dcf07e
best_trained_base_scan029,aggressive_peak_count,0.13578125,83.0,85.0,-0.25,72.0,74.0,91.0,90.25,0.022205882352941176,0.017058823529411765,0.07794117647058824,0.06661764705882353,center_or_both_tails,target_lower,0.25,nl_n6800_gm_trim_bad_scan_029_sc_overlap_narrow_oscillato_18aa71dcf07e
best_trained_base_scan029,template_corr,0.13262867647058824,0.5593680851656369,0.5470938783172248,0.059498715195144526,0.36319457087924784,0.3483642839926103,0.9505144731249761,0.8833304491817386,0.005147058823529412,0.010735294117647058,0.03911764705882353,0.15323529411764705,missing_high_tail,target_higher,0.3256718055700354,nl_n6800_gm_trim_bad_scan_029_sc_overlap_narrow_oscillato_18aa71dcf07e
best_trained_base_scan029,sqi_fSQI,0.12033088235294118,0.0024019215372297,0.0032025620496397,-0.333333333333361,0.0,0.0,0.0072057646116893,0.0096076861489191,0.0,0.00411764705882353,0.0,0.01088235294117647,center_or_both_tails,target_lower,0.0,nl_n6800_gm_trim_bad_scan_029_sc_overlap_narrow_oscillato_18aa71dcf07e
best_trained_base_scan029,flatline_ratio,0.11551470588235294,0.0848678943154523,0.09247397918334666,-0.16964285714285818,0.0432345876701361,0.050240192153722926,0.1673338670936749,0.1795436349079263,0.03720588235294118,0.014558823529411765,0.08544117647058823,0.03323529411764706,missing_low_tail,target_lower,0.15624999999999928,nl_n6800_gm_trim_bad_scan_029_sc_overlap_narrow_oscillato_18aa71dcf07e
best_trained_base_scan029,wavelet_e1,0.11053308823529412,0.24196993955151946,0.26262297665455453,-0.13851505823872262,0.048294491749637444,0.06497526372120678,0.37874886190050483,0.38753505181306563,0.028970588235294116,0.008823529411764706,0.07588235294117647,0.036176470588235296,missing_low_tail,target_lower,0.11187401105134478,nl_n6800_gm_trim_bad_scan_029_sc_overlap_narrow_oscillato_18aa71dcf07e
best_trained_base_scan029,sqi_sSQI,0.10941176470588235,2.6353028288223523,2.9612669396013085,-0.15106064460131344,-0.2691526913625039,0.10334540522679858,4.1250626789274625,4.449643460446017,0.022941176470588236,0.00411764705882353,0.08235294117647059,0.017205882352941175,missing_low_tail,target_lower,0.172625760698239,nl_n6800_gm_trim_bad_scan_029_sc_overlap_narrow_oscillato_18aa71dcf07e
best_trained_base_scan029,qrs_prom_median,0.10703125,3.414851266226729,3.175364767792008,0.08008627400754348,0.8140177918519959,0.6715136017518262,5.24855083835571,5.532298511031161,0.009705882352941177,0.0004411764705882353,0.0225,0.006764705882352941,center_or_both_tails,target_higher,0.0,nl_n6800_gm_trim_bad_scan_029_sc_overlap_narrow_oscillato_18aa71dcf07e
best_trained_base_scan029,rr_count_detector_c,0.1064797794117647,23.0,22.0,0.2,16.0,18.0,28.0,26.0,0.0625,0.03338235294117647,0.0988235294117647,0.11691176470588235,center_or_both_tails,target_higher,0.4,nl_n6800_gm_trim_bad_scan_029_sc_overlap_narrow_oscillato_18aa71dcf07e
best_trained_base_scan029,wavelet_e0,0.10466911764705883,0.5036662771713726,0.48471357049411856,0.06030899023515506,0.2734198559642724,0.31313696836564375,0.9118761093969101,0.857681923667613,0.03235294117647059,0.025,0.1188235294117647,0.08941176470588236,center_or_both_tails,target_higher,0.1724501240697672,nl_n6800_gm_trim_bad_scan_029_sc_overlap_narrow_oscillato_18aa71dcf07e
best_trained_base_scan029,qrs_visibility,0.10361213235294117,0.25340365301367207,0.2145735919514544,0.1372960125309546,0.03330001983151798,0.03403936657392502,0.4537408527454071,0.4758565974364411,0.0175,0.0027941176470588237,0.051323529411764705,0.018235294117647058,missing_low_tail,target_higher,0.0026141952094174757,nl_n6800_gm_trim_bad_scan_029_sc_overlap_narrow_oscillato_18aa71dcf07e
best_trained_base_scan029,qrs_prom_p90,0.10344669117647058,5.551110243488319,5.624500594369955,-0.04788569121564964,2.9649811624243423,3.067233389852922,7.063771518999083,7.004664800937679,0.013823529411764707,0.00823529411764706,0.05764705882352941,0.05485294117647059,center_or_both_tails,target_lower,0.06671747075653385,nl_n6800_gm_trim_bad_scan_029_sc_overlap_narrow_oscillato_18aa71dcf07e
best_trained_base_scan029,sqi_kSQI,0.1019485294117647,14.051650016496506,14.911637538974876,-0.080348069394748,3.8615581405866477,3.856063613662208,24.58928850716582,27.291687697151556,0.013235294117647059,0.006617647058823529,0.049705882352941176,0.032058823529411765,center_or_both_tails,target_lower,0.0,nl_n6800_gm_trim_bad_scan_029_sc_overlap_narrow_oscillato_18aa71dcf07e
best_trained_base_scan029,higuchi_fd_proxy,0.09346507352941176,1.4974841660408762,1.4817428459887099,0.1288888764433631,1.3604010458957485,1.342685638340417,1.7054048421477908,1.6645853459090851,0.0125,0.023823529411764705,0.033529411764705884,0.08088235294117647,missing_high_tail,target_higher,0.334227306843101,nl_n6800_gm_trim_bad_scan_029_sc_overlap_narrow_oscillato_18aa71dcf07e
best_trained_base_scan029,band_5_15,0.0934375,0.41847533091837796,0.42940664991264577,-0.0776893791972831,0.16642394378881306,0.175436098825539,0.5323878003056198,0.5358052825639184,0.035,0.003823529411764706,0.05647058823529412,0.043823529411764706,center_or_both_tails,target_lower,0.06404979402760574,nl_n6800_gm_trim_bad_scan_029_sc_overlap_narrow_oscillato_18aa71dcf07e
best_trained_base_scan029,qrs_peak_count,0.0868014705882353,26.0,25.0,0.23529411764705882,20.0,20.0,30.0,29.0,0.011911764705882353,0.028676470588235293,0.011911764705882353,0.06970588235294117,missing_high_tail,target_higher,0.23529411764705882,nl_n6800_gm_trim_bad_scan_029_sc_overlap_narrow_oscillato_18aa71dcf07e
best_trained_base_scan029,rr_count_detector_a,0.0868014705882353,26.0,25.0,0.23529411764705882,20.0,20.0,30.0,29.0,0.011911764705882353,0.028676470588235293,0.011911764705882353,0.06970588235294117,missing_high_tail,target_higher,0.23529411764705882,nl_n6800_gm_trim_bad_scan_029_sc_overlap_narrow_oscillato_18aa71dcf07e
best_trained_base_scan029,hjorth_complexity,0.08517463235294118,1.8028211549495436,1.8546041820098536,-0.09726506584548213,1.5621328901189564,1.529914709925284,3.8819928028339783,3.5029123204807444,0.00014705882352941175,0.03132352941176471,0.02411764705882353,0.0711764705882353,missing_high_tail,target_lower,0.7120342353466842,nl_n6800_gm_trim_bad_scan_029_sc_overlap_narrow_oscillato_18aa71dcf07e
best_trained_base_scan029,rr_count_detector_b,0.08173713235294118,22.0,22.0,0.0,18.0,17.75,26.0,27.0,0.002058823529411765,0.003088235294117647,0.024558823529411765,0.023088235294117646,center_or_both_tails,target_lower,0.0,nl_n6800_gm_trim_bad_scan_029_sc_overlap_narrow_oscillato_18aa71dcf07e
best_trained_base_scan029,low_amp_ratio,0.0711672794117647,0.18,0.186,-0.07281553398058259,0.0952,0.0912,0.2976,0.2822,0.0225,0.032205882352941174,0.039411764705882354,0.0763235294117647,missing_high_tail,target_lower,0.18689320388349476,nl_n6800_gm_trim_bad_scan_029_sc_overlap_narrow_oscillato_18aa71dcf07e
best_trained_base_scan029,qrs_count_high,0.05960477941176471,1.0,1.0,0.0,0.0,0.0,1.0,1.0,0.0,0.0,0.0,0.0,center_or_both_tails,target_lower,0.0,nl_n6800_gm_trim_bad_scan_029_sc_overlap_narrow_oscillato_18aa71dcf07e
best_trained_base_scan029,qrs_count_deviation,0.05960477941176471,1.0,1.0,0.0,0.6428571428571429,0.6428571428571429,1.0,1.0,0.011911764705882353,0.0,0.011911764705882353,0.0,center_or_both_tails,target_lower,0.0,nl_n6800_gm_trim_bad_scan_029_sc_overlap_narrow_oscillato_18aa71dcf07e
best_trained_base_scan029,zero_crossing_rate,0.05738970588235294,0.1152922337870296,0.1184947958366693,-0.04999999999999978,0.0456365092073658,0.060448358686949526,0.2169735788630904,0.19415532425940749,0.03882352941176471,0.03691176470588235,0.1075,0.08794117647058823,center_or_both_tails,target_lower,0.35624999999999923,nl_n6800_gm_trim_bad_scan_029_sc_overlap_narrow_oscillato_18aa71dcf07e
best_trained_base_scan029,amplitude_entropy,0.05379595588235294,0.7166078581935977,0.7153700380705343,0.012454282321021831,0.6270733159024992,0.6087715410190491,0.8464121227507416,0.8545177579813789,0.0025,0.007941176470588234,0.019558823529411764,0.03897058823529412,center_or_both_tails,target_higher,0.0,nl_n6800_gm_trim_bad_scan_029_sc_overlap_narrow_oscillato_18aa71dcf07e
best_trained_base_scan029,wavelet_e2,0.04644301470588235,0.1690081787331732,0.16699284015855506,0.016642977206145243,0.02705779352327896,0.033279868032753374,0.27338612776023763,0.26626627605456554,0.025,0.005,0.06720588235294117,0.06544117647058824,center_or_both_tails,target_higher,0.05879683500380935,nl_n6800_gm_trim_bad_scan_029_sc_overlap_narrow_oscillato_18aa71dcf07e
best_trained_base_scan029,qrs_band_ratio,0.04443933823529412,0.5082665664138364,0.5040876396707896,0.02416271106096071,0.1938624035737294,0.2182172249051415,0.6334209483919371,0.6241076098667729,0.04191176470588235,0.01647058823529412,0.06485294117647059,0.07323529411764707,center_or_both_tails,target_higher,0.14082048979475198,nl_n6800_gm_trim_bad_scan_029_sc_overlap_narrow_oscillato_18aa71dcf07e
best_trained_base_scan029,contact_loss_win_ratio,0.0008823529411764706,0.0,0.0,0.0,0.0,0.0,0.0,0.0,0.0,0.0008823529411764706,0.0,0.0008823529411764706,center_or_both_tails,target_lower,0.0,nl_n6800_gm_trim_bad_scan_029_sc_overlap_narrow_oscillato_18aa71dcf07e
best_trained_base_scan029,qrs_count_low,0.0,0.0,0.0,0.0,0.0,0.0,0.0,0.0,0.0,0.0,0.0,0.0,center_or_both_tails,target_lower,0.0,nl_n6800_gm_trim_bad_scan_029_sc_overlap_narrow_oscillato_18aa71dcf07e
best_trained_base_scan029,clipping_like_ratio,0.0,0.0152,0.0152,0.0,0.0152,0.0152,0.0152,0.0152,0.0,0.0,0.0,0.0,center_or_both_tails,target_lower,0.0,nl_n6800_gm_trim_bad_scan_029_sc_overlap_narrow_oscillato_18aa71dcf07e
best_trained_base_scan029,fatal_or_score,0.0,1.0,1.0,0.0,1.0,1.0,1.0,1.0,0.0,0.0,0.0,0.0,center_or_both_tails,target_lower,0.0,nl_n6800_gm_trim_bad_scan_029_sc_overlap_narrow_oscillato_18aa71dcf07e
best_fit_refine030,sqi_iSQI,1.0,0.0,0.8333333333332986,-833333333.3332986,0.0,0.6896551724137694,0.0,0.9999999999999476,1.0,0.0,1.0,0.0,missing_low_tail,target_lower,689655172.4137694,nl_n6800_gm_trim_bad_refine_030_sc_overlap_narrow_oscilla_738286481ce6
best_fit_refine030,mean_abs,0.5860294117647059,0.1320511214102152,0.09665480727334505,1.8524678217628436,0.10779596753241406,0.05288901118495376,0.1529464993658627,0.17683581071721027,0.0,0.0,0.0,0.0007352941176470588,center_or_both_tails,target_higher,0.0,nl_n6800_gm_trim_bad_refine_030_sc_overlap_narrow_oscilla_738286481ce6
best_fit_refine030,sqi_bSQI,0.44816176470588237,0.9090909090908263,0.8148148148147847,1.1218855218848167,0.69999999999993,0.6518232819074055,0.99999999999995,0.96428571428568,0.0175,0.0017647058823529412,0.03441176470588235,0.09985294117647059,missing_high_tail,target_higher,0.4249999999997836,nl_n6800_gm_trim_bad_refine_030_sc_overlap_narrow_oscilla_738286481ce6
best_fit_refine030,hjorth_activity,0.4278676470588235,0.046351872783297346,0.02772830059165125,0.6153466205424338,0.026091059902315382,0.007499874972006485,0.09513725293263792,0.086061378886732,0.0,0.0,0.0,0.07911764705882353,missing_high_tail,target_higher,0.2998784747172268,nl_n6800_gm_trim_bad_refine_030_sc_overlap_narrow_oscilla_738286481ce6
best_fit_refine030,std,0.4278676470588235,0.21529483740833405,0.16651813888585498,0.6989566797690234,0.161527251981388,0.08660168478099005,0.3084432672031275,0.2933621546706384,0.0,0.0,0.0,0.07911764705882353,missing_high_tail,target_higher,0.2161081963772856,nl_n6800_gm_trim_bad_refine_030_sc_overlap_narrow_oscilla_738286481ce6
best_fit_refine030,band_1_5,0.4173529411764706,0.207657989822072,0.296223736855305,-1.019470791784154,0.11047369586062412,0.16067026910321516,0.3978850791600749,0.574392502394735,0.04044117647058824,0.0,0.20558823529411765,0.003970588235294117,missing_low_tail,target_lower,0.5778073576150528,nl_n6800_gm_trim_bad_refine_030_sc_overlap_narrow_oscilla_738286481ce6
best_fit_refine030,sqi_pSQI,0.4159558823529412,0.5796416693176585,0.6554196637695615,-1.0963603189647426,0.5140206710537001,0.47084130726525847,0.6805920952126249,0.8786283983931896,0.0008823529411764706,0.0,0.009558823529411765,0.0,center_or_both_tails,target_lower,0.0,nl_n6800_gm_trim_bad_refine_030_sc_overlap_narrow_oscilla_738286481ce6
best_fit_refine030,rms,0.41463235294117645,0.21817561857461526,0.1700377567709856,0.6688047418496337,0.16283436656277478,0.08849736920790799,0.3157985626728129,0.3001960147607457,0.0,0.0,0.0,0.07838235294117647,missing_high_tail,target_higher,0.21677443985972472,nl_n6800_gm_trim_bad_refine_030_sc_overlap_narrow_oscilla_738286481ce6
best_fit_refine030,diff_abs_p95,0.39558823529411763,0.2667609473690389,0.1532456018030639,0.66297611036617,0.07655783567577598,0.06505336721427729,0.44113837031647496,0.3472988385707139,0.009852941176470589,0.04308823529411765,0.03397058823529412,0.2585294117647059,missing_high_tail,target_higher,0.5480612990710498,nl_n6800_gm_trim_bad_refine_030_sc_overlap_narrow_oscilla_738286481ce6
best_fit_refine030,hf_ratio,0.39345588235294116,0.1418219696501608,0.09069194118859775,0.8107227326235686,0.041250854421403776,0.020322709420671298,0.2078551075375283,0.21890439381042714,0.0013235294117647058,0.0007352941176470588,0.010735294117647058,0.0275,center_or_both_tails,target_higher,0.0,nl_n6800_gm_trim_bad_refine_030_sc_overlap_narrow_oscilla_738286481ce6
best_fit_refine030,band_30_45,0.3148529411764706,0.029728287923601403,0.017316647622821098,0.57948637416123,0.00911401081823549,0.005295873445457635,0.056352374910295745,0.056484173954362095,0.0045588235294117645,0.0022058823529411764,0.01573529411764706,0.049558823529411766,missing_high_tail,target_higher,0.0,nl_n6800_gm_trim_bad_refine_030_sc_overlap_narrow_oscilla_738286481ce6
best_fit_refine030,band_15_30,0.30720588235294116,0.24283120247031484,0.1752351998055987,0.7644775881734834,0.06564602927869385,0.03208095885853555,0.31591899131025813,0.3284280053196455,0.0002941176470588235,0.000588235294117647,0.008970588235294117,0.024705882352941175,center_or_both_tails,target_higher,0.0,nl_n6800_gm_trim_bad_refine_030_sc_overlap_narrow_oscilla_738286481ce6
best_fit_refine030,detail_instability,0.30713235294117647,1.1123475790674604,0.8129787235183732,0.5155354837156246,0.4939781677934125,0.4453770526760153,1.7569641912558325,1.5808398180741738,0.008823529411764706,0.015441176470588236,0.027647058823529413,0.1161764705882353,missing_high_tail,target_higher,0.3032992986387305,nl_n6800_gm_trim_bad_refine_030_sc_overlap_narrow_oscilla_738286481ce6
best_fit_refine030,qrs_width_median,0.3069852941176471,0.0211779147380511,0.023125399014971598,-0.5838998573410751,0.01798490495653942,0.017600205553409833,0.02860763148033566,0.04877206019841502,0.0007352941176470588,0.002058823529411765,0.02176470588235294,0.011029411764705883,center_or_both_tails,target_lower,0.0,nl_n6800_gm_trim_bad_refine_030_sc_overlap_narrow_oscilla_738286481ce6
best_fit_refine030,wavelet_e4,0.30455882352941177,0.00748722300813795,0.00431264745008895,0.525142912762702,0.001199081189478945,0.001062326490990695,0.015596244702505264,0.014618758801712765,0.014558823529411765,0.0016176470588235294,0.04161764705882353,0.07294117647058823,missing_high_tail,target_higher,0.161697141473022,nl_n6800_gm_trim_bad_refine_030_sc_overlap_narrow_oscilla_738286481ce6
best_fit_refine030,ptp_p99_p01,0.2972794117647059,1.3402539010345933,1.0090655083209277,0.572588253122524,0.7911232970505953,0.5068504430390894,2.0029873564913867,1.7839276661574839,0.0,0.000588235294117647,0.0,0.1401470588235294,missing_high_tail,target_higher,0.3787300768306029,nl_n6800_gm_trim_bad_refine_030_sc_overlap_narrow_oscilla_738286481ce6
best_fit_refine030,non_qrs_diff_p95,0.2836764705882353,0.10551272956654414,0.07669564038515085,0.4483268089817987,0.043727522175758954,0.034431268728803824,0.21586166305467452,0.182064561615698,0.0058823529411764705,0.0075,0.02,0.11088235294117647,missing_high_tail,target_higher,0.5258042040815831,nl_n6800_gm_trim_bad_refine_030_sc_overlap_narrow_oscilla_738286481ce6
best_fit_refine030,diff_zero_crossing_rate,0.27808823529411764,0.4807692307692308,0.4503205128205128,0.32203389830508516,0.3317307692307692,0.36935096153846153,0.5849358974358975,0.5168269230769231,0.05779411764705882,0.1373529411764706,0.10029411764705883,0.2651470588235294,missing_high_tail,target_higher,0.7203389830508469,nl_n6800_gm_trim_bad_refine_030_sc_overlap_narrow_oscilla_738286481ce6
best_fit_refine030,hjorth_mobility,0.26588235294117646,0.6299365300340141,0.5511685194659692,0.49751257772129237,0.29348514788667474,0.30574060861842994,0.7482536939921153,0.7530374123854424,0.022941176470588236,0.0016176470588235294,0.05676470588235294,0.0425,center_or_both_tails,target_higher,0.0774076406887339,nl_n6800_gm_trim_bad_refine_030_sc_overlap_narrow_oscilla_738286481ce6
best_fit_refine030,sample_entropy_proxy,0.25470588235294117,0.5117133818268584,0.55865063987915,-0.48494744576051607,0.3942004475844756,0.4000093164643503,0.6487675272462959,0.7601308810423173,0.011764705882352941,0.0,0.05926470588235294,0.0007352941176470588,missing_low_tail,target_lower,0.060016205525142606,nl_n6800_gm_trim_bad_refine_030_sc_overlap_narrow_oscilla_738286481ce6
best_fit_refine030,spectral_entropy,0.24360294117647058,0.7893228424861936,0.7464127224116582,0.43720781406687054,0.6055660621116344,0.584583735120137,0.8495155085146664,0.8438028442071566,0.003235294117647059,0.006176470588235294,0.037794117647058825,0.0826470588235294,missing_high_tail,target_higher,0.05820588406757685,nl_n6800_gm_trim_bad_refine_030_sc_overlap_narrow_oscilla_738286481ce6
best_fit_refine030,qrs_slope_median,0.23529411764705882,2.6496984873924863,1.620494360634916,0.5032657224699189,0.31226620064090765,0.31369812515072665,3.615661232862882,3.6629075902802,0.021323529411764706,0.0,0.05073529411764706,0.03764705882352941,center_or_both_tails,target_higher,0.0007001900830176007,nl_n6800_gm_trim_bad_refine_030_sc_overlap_narrow_oscilla_738286481ce6
best_fit_refine030,lf_ratio,0.2238235294117647,0.06715480518140074,0.03213010442285185,0.22017080769630698,0.00501923496706526,0.006857198307924905,0.4908699252636009,0.3420258255983693,0.04808823529411765,0.023382352941176472,0.07529411764705882,0.10808823529411765,missing_high_tail,target_higher,0.9356575483696267,nl_n6800_gm_trim_bad_refine_030_sc_overlap_narrow_oscilla_738286481ce6
best_fit_refine030,band_0p3_1,0.2238235294117647,0.06715480518140074,0.03213010442285185,0.22017080769630698,0.00501923496706526,0.006857198307924905,0.4908699252636009,0.3420258255983693,0.04808823529411765,0.023382352941176472,0.07529411764705882,0.10808823529411765,missing_high_tail,target_higher,0.9356575483696267,nl_n6800_gm_trim_bad_refine_030_sc_overlap_narrow_oscilla_738286481ce6
best_fit_refine030,baseline_step,0.2050735294117647,0.6545280848315063,0.5007703716032141,0.2548537655046684,0.22647946040907715,0.2468032500818087,1.6979897721648094,1.3944136359790684,0.03,0.02014705882352941,0.06544117647058824,0.11308823529411764,missing_high_tail,target_higher,0.50317814826904,nl_n6800_gm_trim_bad_refine_030_sc_overlap_narrow_oscilla_738286481ce6
best_fit_refine030,local_rms_cv,0.205,0.1680181778255857,0.14307950933054253,0.18235874960782592,0.0832477194773219,0.07305088852684484,0.5165171374101901,0.40246851333964084,0.003823529411764706,0.027794117647058823,0.03058823529411765,0.10647058823529412,missing_high_tail,target_higher,0.8339564914675434,nl_n6800_gm_trim_bad_refine_030_sc_overlap_narrow_oscilla_738286481ce6
best_fit_refine030,periodicity,0.1885294117647059,0.8064293618372984,0.7922158846724672,0.14032571424716345,0.7381539395905039,0.7281804399367702,0.9850916698973435,0.8784759812438719,0.006029411764705882,0.11735294117647059,0.027794117647058823,0.2301470588235294,missing_high_tail,target_higher,1.0525870965107533,nl_n6800_gm_trim_bad_refine_030_sc_overlap_narrow_oscilla_738286481ce6
best_fit_refine030,diff_abs_median,0.18705882352941178,0.023520307615399298,0.0187583398073911,0.35944582783443985,0.0095679717138409,0.008497031056322135,0.047573943808674704,0.04349157139658917,0.005588235294117647,0.02426470588235294,0.0275,0.0675,missing_high_tail,target_higher,0.3081481837661422,nl_n6800_gm_trim_bad_refine_030_sc_overlap_narrow_oscilla_738286481ce6
best_fit_refine030,wavelet_e3,0.17529411764705882,0.06554559284783909,0.04822143716991535,0.36120705767209005,0.009349740627857645,0.006665035511611786,0.11403234354809175,0.11779748579305872,0.0035294117647058825,0.0008823529411764706,0.03176470588235294,0.03867647058823529,center_or_both_tails,target_higher,0.0,nl_n6800_gm_trim_bad_refine_030_sc_overlap_narrow_oscilla_738286481ce6
best_fit_refine030,sqi_basSQI,0.16794117647058823,0.9434639174293884,0.9596653855166604,-0.12623009951551095,0.5853351861375841,0.7700905550301113,0.9925156664564356,0.9889060321617293,0.058676470588235295,0.036323529411764706,0.14823529411764705,0.09117647058823529,missing_low_tail,target_lower,1.4394799579706237,nl_n6800_gm_trim_bad_refine_030_sc_overlap_narrow_oscilla_738286481ce6
best_fit_refine030,medium_detail_unreliable_score,0.1673529411764706,0.24402235336777306,0.134514444354457,0.3778660621992825,0.022655791036582145,0.015073046597335797,0.44928540713665693,0.4380381012137702,0.0072058823529411765,0.0014705882352941176,0.030294117647058822,0.06970588235294117,missing_high_tail,target_higher,0.03880975573111428,nl_n6800_gm_trim_bad_refine_030_sc_overlap_narrow_oscilla_738286481ce6
best_fit_refine030,sqi_fSQI,0.15455882352941178,0.0024019215372297,0.0032025620496397,-0.333333333333361,0.0,0.0008006405124099,0.0072057646116893,0.0088070456365092,0.0,0.00411764705882353,0.060147058823529415,0.017794117647058825,missing_low_tail,target_lower,0.33333333333331944,nl_n6800_gm_trim_bad_refine_030_sc_overlap_narrow_oscilla_738286481ce6
best_fit_refine030,spurious_peak_density,0.15375,5.7,5.9,-0.2500000000000003,4.7,5.0,6.7,6.5049999999999955,0.03558823529411765,0.022794117647058822,0.1111764705882353,0.07970588235294118,missing_low_tail,target_lower,0.37499999999999983,nl_n6800_gm_trim_bad_refine_030_sc_overlap_narrow_oscilla_738286481ce6
best_fit_refine030,non_qrs_rms_ratio,0.14213235294117646,0.4960938607658666,0.44365045351916416,0.22306330132391874,0.3003726913585725,0.2626607151547876,0.8180356278543981,0.8215358257036236,0.0008823529411764706,0.01411764705882353,0.013970588235294118,0.04735294117647059,missing_high_tail,target_higher,0.0,nl_n6800_gm_trim_bad_refine_030_sc_overlap_narrow_oscilla_738286481ce6
best_fit_refine030,template_corr,0.13941176470588235,0.5593680851656369,0.5413257973900636,0.08745925134596784,0.36319457087924784,0.35424756814787295,0.9505144731249761,0.8426824111277645,0.010147058823529412,0.045294117647058825,0.04294117647058823,0.17397058823529413,missing_high_tail,target_higher,0.5227115059175724,nl_n6800_gm_trim_bad_refine_030_sc_overlap_narrow_oscilla_738286481ce6
best_fit_refine030,detector_count_std,0.13941176470588235,2.160246899469287,1.699673171197595,0.2714524744664266,0.4714045207910317,0.4714045207910317,4.109609335312651,3.6817870057290873,0.0,0.024705882352941175,0.038088235294117645,0.11102941176470588,missing_high_tail,target_higher,0.25214948849393026,nl_n6800_gm_trim_bad_refine_030_sc_overlap_narrow_oscilla_738286481ce6
best_fit_refine030,detector_agreement,0.13941176470588235,0.3164309725825327,0.3704152082810796,-0.28199093799865715,0.1957096784462507,0.2135936553235555,0.6796227589829592,0.6796227589829592,0.024705882352941175,0.0,0.11102941176470588,0.038088235294117645,missing_low_tail,target_lower,0.09341837203991807,nl_n6800_gm_trim_bad_refine_030_sc_overlap_narrow_oscilla_738286481ce6
best_fit_refine030,aggressive_peak_count,0.1275,83.0,85.0,-0.25,72.0,74.0,91.0,91.0,0.036176470588235296,0.027205882352941177,0.07794117647058824,0.04044117647058824,missing_low_tail,target_lower,0.25,nl_n6800_gm_trim_bad_refine_030_sc_overlap_narrow_oscilla_738286481ce6
best_fit_refine030,wavelet_e1,0.12308823529411765,0.24196993955151946,0.2654548479435227,-0.15750775236690723,0.048294491749637444,0.07350334982381847,0.37874886190050483,0.39552044213436727,0.016764705882352942,0.0045588235294117645,0.08794117647058823,0.02602941176470588,missing_low_tail,target_lower,0.1690698770770009,nl_n6800_gm_trim_bad_refine_030_sc_overlap_narrow_oscilla_738286481ce6
best_fit_refine030,qrs_prom_median,0.12183823529411765,3.414851266226729,2.9334792745128473,0.16097479181467556,0.8140177918519959,0.7073751007898254,5.24855083835571,5.533865139856267,0.012794117647058824,0.0004411764705882353,0.029264705882352943,0.006764705882352941,center_or_both_tails,target_higher,0.0,nl_n6800_gm_trim_bad_refine_030_sc_overlap_narrow_oscilla_738286481ce6
best_fit_refine030,qrs_visibility,0.11536764705882353,0.25340365301367207,0.20511112624488398,0.17075356512509987,0.03330001983151798,0.03200531930793818,0.4537408527454071,0.4625362818407007,0.012647058823529412,0.001176470588235294,0.045294117647058825,0.03426470588235294,center_or_both_tails,target_higher,0.0,nl_n6800_gm_trim_bad_refine_030_sc_overlap_narrow_oscilla_738286481ce6
best_fit_refine030,higuchi_fd_proxy,0.10926470588235294,1.4974841660408762,1.4728056561086764,0.20206598982274454,1.3604010458957485,1.336980408092168,1.7054048421477908,1.6518348460117542,0.008823529411764706,0.02661764705882353,0.028970588235294116,0.09044117647058823,missing_high_tail,target_higher,0.4386275477639398,nl_n6800_gm_trim_bad_refine_030_sc_overlap_narrow_oscilla_738286481ce6
best_fit_refine030,rr_count_detector_c,0.10882352941176471,23.0,23.0,0.0,16.0,18.0,28.0,26.0,0.0625,0.03338235294117647,0.0988235294117647,0.11691176470588235,center_or_both_tails,target_lower,0.4,nl_n6800_gm_trim_bad_refine_030_sc_overlap_narrow_oscilla_738286481ce6
best_fit_refine030,rr_count_detector_b,0.10845588235294118,22.0,22.0,0.0,18.0,18.0,26.0,27.0,0.002058823529411765,0.003088235294117647,0.024558823529411765,0.023088235294117646,center_or_both_tails,target_lower,0.0,nl_n6800_gm_trim_bad_refine_030_sc_overlap_narrow_oscilla_738286481ce6
best_fit_refine030,sqi_sSQI,0.10492647058823529,2.6353028288223523,2.9627265208721196,-0.15173705430509907,-0.2691526913625039,0.21215936106799846,4.1250626789274625,4.514988470592472,0.019852941176470587,0.0014705882352941176,0.09647058823529411,0.01411764705882353,missing_low_tail,target_lower,0.22305311072677378,nl_n6800_gm_trim_bad_refine_030_sc_overlap_narrow_oscilla_738286481ce6
best_fit_refine030,flatline_ratio,0.10492647058823529,0.0848678943154523,0.09247397918334666,-0.16964285714285818,0.0432345876701361,0.0487990392313851,0.1673338670936749,0.18258606885508397,0.02176470588235294,0.009117647058823529,0.07588235294117647,0.03058823529411765,missing_low_tail,target_lower,0.1241071428571431,nl_n6800_gm_trim_bad_refine_030_sc_overlap_narrow_oscilla_738286481ce6
best_fit_refine030,qrs_prom_p90,0.1025,5.551110243488319,5.664461493407696,-0.07395935415680634,2.9649811624243423,3.005055802747895,7.063771518999083,7.034910453567552,0.01161764705882353,0.01573529411764706,0.05338235294117647,0.053088235294117644,center_or_both_tails,target_lower,0.026147876785693733,nl_n6800_gm_trim_bad_refine_030_sc_overlap_narrow_oscilla_738286481ce6
best_fit_refine030,wavelet_e0,0.09242647058823529,0.5036662771713726,0.48522518305475854,0.058680999180935396,0.2734198559642724,0.3120879182701665,0.9118761093969101,0.8637527626238095,0.028823529411764706,0.015441176470588236,0.11705882352941177,0.08558823529411765,missing_low_tail,target_higher,0.15313224121729527,nl_n6800_gm_trim_bad_refine_030_sc_overlap_narrow_oscilla_738286481ce6
best_fit_refine030,sqi_kSQI,0.08279411764705882,14.051650016496506,15.323213519659403,-0.11880134295149725,3.8615581405866477,3.929130317392574,24.58928850716582,27.7401740479765,0.015147058823529411,0.006029411764705882,0.052647058823529415,0.029264705882352943,center_or_both_tails,target_lower,0.006313224098310432,nl_n6800_gm_trim_bad_refine_030_sc_overlap_narrow_oscilla_738286481ce6
best_fit_refine030,zero_crossing_rate,0.07955882352941177,0.1152922337870296,0.1160928742994395,-0.012499999999999513,0.0456365092073658,0.06080864691753401,0.2169735788630904,0.20020016012810243,0.03661764705882353,0.033529411764705884,0.1075,0.07573529411764705,missing_low_tail,target_lower,0.2618749999999994,nl_n6800_gm_trim_bad_refine_030_sc_overlap_narrow_oscilla_738286481ce6
best_fit_refine030,qrs_peak_count,0.07617647058823529,26.0,25.0,0.23529411764705882,20.0,21.0,30.0,29.0,0.011911764705882353,0.009117647058823529,0.05352941176470588,0.06970588235294117,center_or_both_tails,target_higher,0.23529411764705882,nl_n6800_gm_trim_bad_refine_030_sc_overlap_narrow_oscilla_738286481ce6
best_fit_refine030,rr_count_detector_a,0.07617647058823529,26.0,25.0,0.23529411764705882,20.0,21.0,30.0,29.0,0.011911764705882353,0.009117647058823529,0.05352941176470588,0.06970588235294117,center_or_both_tails,target_higher,0.23529411764705882,nl_n6800_gm_trim_bad_refine_030_sc_overlap_narrow_oscilla_738286481ce6
best_fit_refine030,qrs_count_deviation,0.06507352941176471,1.0,1.0,0.0,0.6428571428571429,0.7142857142857143,1.0,1.0,0.011911764705882353,0.0,0.05352941176470588,0.0,missing_low_tail,target_lower,0.4999999999999996,nl_n6800_gm_trim_bad_refine_030_sc_overlap_narrow_oscilla_738286481ce6
best_fit_refine030,qrs_count_high,0.06507352941176471,1.0,1.0,0.0,0.0,0.0,1.0,1.0,0.0,0.0,0.0,0.0,center_or_both_tails,target_lower,0.0,nl_n6800_gm_trim_bad_refine_030_sc_overlap_narrow_oscilla_738286481ce6
best_fit_refine030,wavelet_e2,0.06235294117647059,0.1690081787331732,0.16667041096656027,0.01930564727089204,0.02705779352327896,0.028567032208825522,0.27338612776023763,0.2733339752791792,0.01573529411764706,0.003235294117647059,0.054558823529411764,0.05014705882352941,center_or_both_tails,target_higher,0.012463526158101467,nl_n6800_gm_trim_bad_refine_030_sc_overlap_narrow_oscilla_738286481ce6
best_fit_refine030,band_5_15,0.057205882352941176,0.41847533091837796,0.4290245810333507,-0.07497399836733949,0.16642394378881306,0.17737221494019648,0.5323878003056198,0.5405378807359537,0.011029411764705883,0.0025,0.05838235294117647,0.03470588235294118,center_or_both_tails,target_lower,0.07780985894570663,nl_n6800_gm_trim_bad_refine_030_sc_overlap_narrow_oscilla_738286481ce6
best_fit_refine030,hjorth_complexity,0.05676470588235294,1.8028211549495436,1.843235535417962,-0.07591111606486192,1.5621328901189564,1.5201574044585142,3.8819928028339783,3.8091136408410957,0.00014705882352941175,0.021176470588235293,0.018088235294117648,0.05338235294117647,missing_high_tail,target_lower,0.13689034597659652,nl_n6800_gm_trim_bad_refine_030_sc_overlap_narrow_oscilla_738286481ce6
best_fit_refine030,low_amp_ratio,0.046764705882352944,0.18,0.18359999999999999,-0.04368932038834942,0.0952,0.1016,0.2976,0.2776799999999999,0.015588235294117648,0.018235294117647058,0.06235294117647059,0.08441176470588235,center_or_both_tails,target_lower,0.24174757281553458,nl_n6800_gm_trim_bad_refine_030_sc_overlap_narrow_oscilla_738286481ce6
best_fit_refine030,qrs_band_ratio,0.03867647058823529,0.5082665664138364,0.5039946097206927,0.02470061371932838,0.1938624035737294,0.20225319580902404,0.6334209483919371,0.6302106171826913,0.013088235294117647,0.020588235294117647,0.055,0.05808823529411765,center_or_both_tails,target_higher,0.04851587520439765,nl_n6800_gm_trim_bad_refine_030_sc_overlap_narrow_oscilla_738286481ce6
best_fit_refine030,amplitude_entropy,0.03323529411764706,0.7166078581935977,0.7178422245874292,-0.012419532749485956,0.6270733159024992,0.612836132483212,0.8464121227507416,0.8597376917605325,0.0007352941176470588,0.0045588235294117645,0.024852941176470588,0.033676470588235294,center_or_both_tails,target_lower,0.0,nl_n6800_gm_trim_bad_refine_030_sc_overlap_narrow_oscilla_738286481ce6
best_fit_refine030,contact_loss_win_ratio,0.0008823529411764706,0.0,0.0,0.0,0.0,0.0,0.0,0.0,0.0,0.0008823529411764706,0.0,0.0008823529411764706,center_or_both_tails,target_lower,0.0,nl_n6800_gm_trim_bad_refine_030_sc_overlap_narrow_oscilla_738286481ce6
best_fit_refine030,qrs_count_low,0.0,0.0,0.0,0.0,0.0,0.0,0.0,0.0,0.0,0.0,0.0,0.0,center_or_both_tails,target_lower,0.0,nl_n6800_gm_trim_bad_refine_030_sc_overlap_narrow_oscilla_738286481ce6
best_fit_refine030,clipping_like_ratio,0.0,0.0152,0.0152,0.0,0.0152,0.0152,0.0152,0.0152,0.0,0.0,0.0,0.0,center_or_both_tails,target_lower,0.0,nl_n6800_gm_trim_bad_refine_030_sc_overlap_narrow_oscilla_738286481ce6
best_fit_refine030,fatal_or_score,0.0,1.0,1.0,0.0,1.0,1.0,1.0,1.0,0.0,0.0,0.0,0.0,center_or_both_tails,target_lower,0.0,nl_n6800_gm_trim_bad_refine_030_sc_overlap_narrow_oscilla_738286481ce6
medium_tail_scan109,sqi_iSQI,1.0,0.0,0.8275862068965232,-827586206.8965231,0.0,0.6923076923076658,0.0,0.99999999999995,1.0,0.0,1.0,0.0,missing_low_tail,target_lower,692307692.3076657,nl_n6800_gm_trim_bad_scan_109_sc_overlap_narrow_oscillato_29273546577b
medium_tail_scan109,mean_abs,0.6163786764705882,0.1320511214102152,0.0932886603522114,2.0286352845843707,0.10779596753241406,0.05753977687634755,0.1529464993658627,0.18860595736240499,0.0,0.0,0.0,0.0002941176470588235,center_or_both_tails,target_higher,0.0,nl_n6800_gm_trim_bad_scan_109_sc_overlap_narrow_oscillato_29273546577b
medium_tail_scan109,sqi_bSQI,0.49490808823529414,0.9090909090908263,0.7999999999999681,1.298181818181122,0.69999999999993,0.6538461538461288,0.99999999999995,0.99999999999995,0.021911764705882353,0.0017647058823529412,0.03455882352941177,0.04323529411764706,center_or_both_tails,target_higher,0.0,nl_n6800_gm_trim_bad_scan_109_sc_overlap_narrow_oscillato_29273546577b
medium_tail_scan109,hjorth_activity,0.44957720588235295,0.046351872783297346,0.02641416461983585,0.6587673521221995,0.026091059902315382,0.008386934152017599,0.09513725293263792,0.08110168530050063,0.0,0.0,0.0,0.10161764705882353,missing_high_tail,target_higher,0.46375308780474445,nl_n6800_gm_trim_bad_scan_109_sc_overlap_narrow_oscillato_29273546577b
medium_tail_scan109,std,0.44957720588235295,0.21529483740833405,0.16252430023717335,0.7561872895883663,0.161527251981388,0.09157083726167234,0.3084432672031275,0.28477895075956444,0.0,0.0,0.0,0.10161764705882353,missing_high_tail,target_higher,0.33910314866377445,nl_n6800_gm_trim_bad_scan_109_sc_overlap_narrow_oscillato_29273546577b
medium_tail_scan109,rms,0.4319577205882353,0.21817561857461526,0.1663156215198942,0.7205183330326117,0.16283436656277478,0.09360296246312277,0.3157985626728129,0.28927834996611435,0.0,0.0,0.0,0.10573529411764705,missing_high_tail,target_higher,0.3684593238780608,nl_n6800_gm_trim_bad_scan_109_sc_overlap_narrow_oscillato_29273546577b
medium_tail_scan109,band_1_5,0.39458639705882353,0.207657989822072,0.29050394607438795,-0.9536308950792443,0.11047369586062412,0.1445919734238305,0.3978850791600749,0.5644670081333766,0.058823529411764705,0.0,0.1398529411764706,0.004705882352941176,missing_low_tail,target_lower,0.39273182473831436,nl_n6800_gm_trim_bad_scan_109_sc_overlap_narrow_oscillato_29273546577b
medium_tail_scan109,sqi_pSQI,0.38227941176470587,0.5796416693176585,0.6423430947309465,-0.907167776910334,0.5140206710537001,0.4573764098629773,0.6805920952126249,0.8679917939095476,0.00014705882352941175,0.0,0.006323529411764706,0.0002941176470588235,center_or_both_tails,target_lower,0.0,nl_n6800_gm_trim_bad_scan_109_sc_overlap_narrow_oscillato_29273546577b
medium_tail_scan109,diff_abs_p95,0.37747242647058826,0.2667609473690389,0.1588446768932042,0.6302752186373782,0.07655783567577598,0.0663493053987621,0.44113837031647496,0.3543382443487644,0.011911764705882353,0.1126470588235294,0.03602941176470588,0.2338235294117647,missing_high_tail,target_higher,0.5069482862114043,nl_n6800_gm_trim_bad_scan_109_sc_overlap_narrow_oscillato_29273546577b
medium_tail_scan109,hf_ratio,0.3590625,0.1418219696501608,0.09548548672112339,0.7347158057741896,0.041250854421403776,0.022183541664536625,0.2078551075375283,0.23533898709185186,0.003235294117647059,0.0007352941176470588,0.013676470588235293,0.011911764705882353,center_or_both_tails,target_higher,0.0,nl_n6800_gm_trim_bad_scan_109_sc_overlap_narrow_oscillato_29273546577b
medium_tail_scan109,non_qrs_diff_p95,0.34147058823529414,0.10551272956654414,0.07145746685564515,0.5298205923612994,0.043727522175758954,0.03534082379192108,0.21586166305467452,0.1824809338897465,0.008382352941176471,0.01926470588235294,0.02323529411764706,0.11058823529411765,missing_high_tail,target_higher,0.51932642099261,nl_n6800_gm_trim_bad_scan_109_sc_overlap_narrow_oscillato_29273546577b
medium_tail_scan109,ptp_p99_p01,0.3296783088235294,1.3402539010345933,1.0328402422368526,0.5314843567877823,0.7911232970505953,0.5013270935416221,2.0029873564913867,1.8095543493330477,0.0,0.0027941176470588237,0.0,0.12808823529411764,missing_high_tail,target_higher,0.33442436420405347,nl_n6800_gm_trim_bad_scan_109_sc_overlap_narrow_oscillato_29273546577b
medium_tail_scan109,diff_zero_crossing_rate,0.29806066176470586,0.4807692307692308,0.44911858974358976,0.3347457627118642,0.3317307692307692,0.3667868589743589,0.5849358974358975,0.5162259615384615,0.029411764705882353,0.11205882352941177,0.09529411764705882,0.26955882352941174,missing_high_tail,target_higher,0.7266949152542381,nl_n6800_gm_trim_bad_scan_109_sc_overlap_narrow_oscillato_29273546577b
medium_tail_scan109,band_15_30,0.2943382352941176,0.24283120247031484,0.17501160871259874,0.7670062936113112,0.06564602927869385,0.035346457124275574,0.31591899131025813,0.32502285900032096,0.001176470588235294,0.000588235294117647,0.011764705882352941,0.029558823529411766,center_or_both_tails,target_higher,0.0,nl_n6800_gm_trim_bad_scan_109_sc_overlap_narrow_oscillato_29273546577b
medium_tail_scan109,band_30_45,0.2935845588235294,0.029728287923601403,0.019319113409788598,0.4859933619444033,0.00911401081823549,0.00545940961429065,0.056352374910295745,0.05982269074368037,0.010147058823529412,0.0022058823529411764,0.017205882352941175,0.03823529411764706,center_or_both_tails,target_higher,0.0,nl_n6800_gm_trim_bad_scan_109_sc_overlap_narrow_oscillato_29273546577b
medium_tail_scan109,wavelet_e4,0.2929044117647059,0.00748722300813795,0.0046837248752174,0.4637587446025344,0.001199081189478945,0.001116889918499925,0.015596244702505264,0.016346736611168373,0.020441176470588237,0.0014705882352941176,0.04470588235294118,0.042205882352941176,center_or_both_tails,target_higher,0.0,nl_n6800_gm_trim_bad_scan_109_sc_overlap_narrow_oscillato_29273546577b
medium_tail_scan109,qrs_width_median,0.28137867647058823,0.0211779147380511,0.02258401915700945,-0.42158192462262073,0.01798490495653942,0.017242782964208076,0.02860763148033566,0.044030173877661026,0.0007352941176470588,0.005294117647058823,0.01,0.015147058823529411,center_or_both_tails,target_lower,0.0,nl_n6800_gm_trim_bad_scan_109_sc_overlap_narrow_oscillato_29273546577b
medium_tail_scan109,spectral_entropy,0.27238970588235295,0.7893228424861936,0.7390164113570883,0.5125682414604584,0.6055660621116344,0.6119762580068496,0.8495155085146664,0.8390966982576467,0.009852941176470589,0.024705882352941175,0.05411764705882353,0.11529411764705882,missing_high_tail,target_higher,0.10615643232264757,nl_n6800_gm_trim_bad_scan_109_sc_overlap_narrow_oscillato_29273546577b
medium_tail_scan109,detail_instability,0.26303308823529414,1.1123475790674604,0.8251278639479476,0.49461375831903376,0.4939781677934125,0.4633451397133594,1.7569641912558325,1.531531168078569,0.01088235294117647,0.04735294117647059,0.03514705882352941,0.14205882352941177,missing_high_tail,target_higher,0.3882124693165013,nl_n6800_gm_trim_bad_scan_109_sc_overlap_narrow_oscillato_29273546577b
medium_tail_scan109,lf_ratio,0.23386948529411763,0.06715480518140074,0.029018099600905352,0.23973336213256508,0.00501923496706526,0.007744160435025675,0.4908699252636009,0.31714253777195317,0.03235294117647059,0.05029411764705882,0.0863235294117647,0.1225,missing_high_tail,target_higher,1.0920778306341226,nl_n6800_gm_trim_bad_scan_109_sc_overlap_narrow_oscillato_29273546577b
medium_tail_scan109,band_0p3_1,0.23386948529411763,0.06715480518140074,0.029018099600905352,0.23973336213256508,0.00501923496706526,0.007744160435025675,0.4908699252636009,0.31714253777195317,0.03235294117647059,0.05029411764705882,0.0863235294117647,0.1225,missing_high_tail,target_higher,1.0920778306341226,nl_n6800_gm_trim_bad_scan_109_sc_overlap_narrow_oscillato_29273546577b
medium_tail_scan109,hjorth_mobility,0.23090992647058822,0.6299365300340141,0.5602131578502674,0.4403850544453061,0.29348514788667474,0.3227389234658907,0.7482536939921153,0.7579087432688366,0.02397058823529412,0.0013235294117647058,0.06808823529411764,0.036470588235294116,missing_low_tail,target_higher,0.18477198029424854,nl_n6800_gm_trim_bad_scan_109_sc_overlap_narrow_oscillato_29273546577b
medium_tail_scan109,diff_abs_median,0.21394301470588234,0.023520307615399298,0.018461706116795498,0.3818365173095792,0.0095679717138409,0.008707010187208574,0.047573943808674704,0.04081188328564165,0.006176470588235294,0.03,0.031029411764705882,0.08647058823529412,missing_high_tail,target_higher,0.5104180751664622,nl_n6800_gm_trim_bad_scan_109_sc_overlap_narrow_oscillato_29273546577b
medium_tail_scan109,qrs_slope_median,0.21079044117647058,2.6496984873924863,1.8573058098688242,0.38746839714892933,0.31226620064090765,0.3111464147573715,3.615661232862882,3.5533075874213296,0.0275,0.007647058823529412,0.05,0.07397058823529412,center_or_both_tails,target_higher,0.030490018069241367,nl_n6800_gm_trim_bad_scan_109_sc_overlap_narrow_oscillato_29273546577b
medium_tail_scan109,sample_entropy_proxy,0.2039981617647059,0.5117133818268584,0.5475311358896789,-0.3700626978740855,0.3942004475844756,0.39437118000180904,0.6487675272462959,0.7542426340293489,0.01588235294117647,0.0,0.05014705882352941,0.0010294117647058824,missing_low_tail,target_lower,0.0017639771288330284,nl_n6800_gm_trim_bad_scan_109_sc_overlap_narrow_oscillato_29273546577b
medium_tail_scan109,wavelet_e3,0.18685661764705883,0.06554559284783909,0.04655410345204735,0.39597081283483204,0.009349740627857645,0.0066266495382452,0.11403234354809175,0.12078148585195983,0.0075,0.0007352941176470588,0.03147058823529412,0.03161764705882353,center_or_both_tails,target_higher,0.0,nl_n6800_gm_trim_bad_scan_109_sc_overlap_narrow_oscillato_29273546577b
medium_tail_scan109,periodicity,0.18301470588235294,0.8064293618372984,0.7942383692292763,0.12035828567941487,0.7381539395905039,0.7255907541403678,0.9850916698973435,0.8969268079514825,0.010735294117647058,0.07294117647058823,0.02426470588235294,0.2,missing_high_tail,target_higher,0.8704272065576861,nl_n6800_gm_trim_bad_scan_109_sc_overlap_narrow_oscillato_29273546577b
medium_tail_scan109,baseline_step,0.1814705882352941,0.6545280848315063,0.495578662813571,0.2634590348382447,0.22647946040907715,0.24069292799057398,1.6979897721648094,1.6057114341956096,0.026323529411764707,0.01338235294117647,0.06088235294117647,0.06367647058823529,center_or_both_tails,target_higher,0.15295155873608338,nl_n6800_gm_trim_bad_scan_109_sc_overlap_narrow_oscillato_29273546577b
medium_tail_scan109,spurious_peak_density,0.16876838235294117,5.7,5.8,-0.12499999999999958,4.7,4.9,6.7,6.5,0.02176470588235294,0.00926470588235294,0.08588235294117647,0.07970588235294118,center_or_both_tails,target_lower,0.2500000000000003,nl_n6800_gm_trim_bad_scan_109_sc_overlap_narrow_oscillato_29273546577b
medium_tail_scan109,local_rms_cv,0.16840073529411764,0.1680181778255857,0.1497387684143744,0.1336643231157498,0.0832477194773219,0.07434501512399719,0.5165171374101901,0.42955266819616633,0.0016176470588235294,0.02985294117647059,0.0325,0.0898529411764706,missing_high_tail,target_higher,0.6359093256855209,nl_n6800_gm_trim_bad_scan_109_sc_overlap_narrow_oscillato_29273546577b
medium_tail_scan109,sqi_basSQI,0.16046875,0.9434639174293884,0.9609346448263778,-0.136119248332987,0.5853351861375841,0.7899426483540125,0.9925156664564356,0.9897831230804777,0.05029411764705882,0.03676470588235294,0.17058823529411765,0.08191176470588235,missing_low_tail,target_lower,1.5941530840335605,nl_n6800_gm_trim_bad_scan_109_sc_overlap_narrow_oscillato_29273546577b
medium_tail_scan109,medium_detail_unreliable_score,0.15731617647058824,0.24402235336777306,0.13544596671860176,0.374651767535441,0.022655791036582145,0.02144063117984805,0.44928540713665693,0.44492784681957614,0.012941176470588235,0.007058823529411765,0.04735294117647059,0.05529411764705883,center_or_both_tails,target_higher,0.015036120885213439,nl_n6800_gm_trim_bad_scan_109_sc_overlap_narrow_oscillato_29273546577b
medium_tail_scan109,template_corr,0.1388327205882353,0.5593680851656369,0.5451982643029327,0.06868762652352735,0.36319457087924784,0.34935876249253117,0.9505144731249761,0.8822221715323457,0.006911764705882353,0.010735294117647058,0.04,0.15426470588235294,missing_high_tail,target_higher,0.33104413610289624,nl_n6800_gm_trim_bad_scan_109_sc_overlap_narrow_oscillato_29273546577b
medium_tail_scan109,aggressive_peak_count,0.12796875,83.0,85.0,-0.25,72.0,73.5,91.0,90.0,0.022205882352941176,0.027205882352941177,0.07794117647058824,0.06661764705882353,center_or_both_tails,target_lower,0.1875,nl_n6800_gm_trim_bad_scan_109_sc_overlap_narrow_oscillato_29273546577b
medium_tail_scan109,sqi_fSQI,0.12395220588235294,0.0024019215372297,0.0032025620496397,-0.333333333333361,0.0,0.0,0.0072057646116893,0.0096076861489191,0.0,0.00411764705882353,0.0,0.01088235294117647,center_or_both_tails,target_lower,0.0,nl_n6800_gm_trim_bad_scan_109_sc_overlap_narrow_oscillato_29273546577b
medium_tail_scan109,non_qrs_rms_ratio,0.12377757352941177,0.4960938607658666,0.45042960017457506,0.1942288126340169,0.3003726913585725,0.26772613851022176,0.8180356278543981,0.815808900924927,0.0010294117647058824,0.008823529411764706,0.016323529411764705,0.051176470588235295,missing_high_tail,target_higher,0.009471182101081608,nl_n6800_gm_trim_bad_scan_109_sc_overlap_narrow_oscillato_29273546577b
medium_tail_scan109,detector_count_std,0.12165441176470589,2.160246899469287,1.8856180831641267,0.16186045180120498,0.4714045207910317,0.4714045207910317,4.109609335312651,3.7708961153129743,0.0,0.01573529411764706,0.038088235294117645,0.09338235294117647,missing_high_tail,target_higher,0.1996304523239447,nl_n6800_gm_trim_bad_scan_109_sc_overlap_narrow_oscillato_29273546577b
medium_tail_scan109,detector_agreement,0.12165441176470589,0.3164309725825327,0.3465462064555278,-0.15730931332095172,0.1957096784462507,0.20962756296139176,0.6796227589829592,0.6796227589829592,0.01573529411764706,0.0,0.09338235294117647,0.038088235294117645,missing_low_tail,target_lower,0.07270117393710285,nl_n6800_gm_trim_bad_scan_109_sc_overlap_narrow_oscillato_29273546577b
medium_tail_scan109,qrs_visibility,0.11333639705882353,0.25340365301367207,0.20705713935225023,0.16387281776942988,0.03330001983151798,0.0353637384924892,0.4537408527454071,0.4748531376578015,0.017941176470588235,0.0033823529411764705,0.054411764705882354,0.018676470588235294,missing_low_tail,target_higher,0.007296932721353991,nl_n6800_gm_trim_bad_scan_109_sc_overlap_narrow_oscillato_29273546577b
medium_tail_scan109,higuchi_fd_proxy,0.11102941176470588,1.4974841660408762,1.4748081459308366,0.18566973700454575,1.3604010458957485,1.3407876231784175,1.7054048421477908,1.6612872009581838,0.009705882352941177,0.022794117647058822,0.03132352941176471,0.08323529411764706,missing_high_tail,target_higher,0.3612322972543415,nl_n6800_gm_trim_bad_scan_109_sc_overlap_narrow_oscillato_29273546577b
medium_tail_scan109,wavelet_e1,0.11043198529411764,0.24196993955151946,0.2622472989505837,-0.1359954763106553,0.048294491749637444,0.06546623514612006,0.37874886190050483,0.38891583997404033,0.02661764705882353,0.0027941176470588237,0.07647058823529412,0.03470588235294118,missing_low_tail,target_lower,0.11516684082626526,nl_n6800_gm_trim_bad_scan_109_sc_overlap_narrow_oscillato_29273546577b
medium_tail_scan109,rr_count_detector_c,0.1103860294117647,23.0,23.0,0.0,16.0,18.0,28.0,26.0,0.0625,0.03338235294117647,0.0988235294117647,0.11691176470588235,center_or_both_tails,target_lower,0.4,nl_n6800_gm_trim_bad_scan_109_sc_overlap_narrow_oscillato_29273546577b
medium_tail_scan109,qrs_prom_median,0.11011948529411765,3.414851266226729,3.0419240021014016,0.12470997427759137,0.8140177918519959,0.6726231424263905,5.24855083835571,5.532700787920653,0.007352941176470588,0.0,0.022794117647058822,0.006764705882352941,center_or_both_tails,target_higher,0.0,nl_n6800_gm_trim_bad_scan_109_sc_overlap_narrow_oscillato_29273546577b
medium_tail_scan109,flatline_ratio,0.10930147058823529,0.0848678943154523,0.09247397918334666,-0.16964285714285818,0.0432345876701361,0.051040832666132824,0.1673338670936749,0.17874299439551639,0.03720588235294118,0.01161764705882353,0.09088235294117647,0.03397058823529412,missing_low_tail,target_lower,0.17410714285714146,nl_n6800_gm_trim_bad_scan_109_sc_overlap_narrow_oscillato_29273546577b
medium_tail_scan109,sqi_sSQI,0.09582720588235294,2.6353028288223523,2.961826315206647,-0.1513198744880477,-0.2691526913625039,0.08875364235570155,4.1250626789274625,4.449838545739722,0.024558823529411765,0.00411764705882353,0.08058823529411764,0.017205882352941175,missing_low_tail,target_lower,0.1658635404651282,nl_n6800_gm_trim_bad_scan_109_sc_overlap_narrow_oscillato_29273546577b
medium_tail_scan109,qrs_prom_p90,0.09340992647058824,5.551110243488319,5.651954870835385,-0.065799040717043,2.9649811624243423,3.0203237960319274,7.063771518999083,6.994523702171085,0.015294117647058824,0.00823529411764706,0.05514705882352941,0.05544117647058824,center_or_both_tails,target_lower,0.045182773132279606,nl_n6800_gm_trim_bad_scan_109_sc_overlap_narrow_oscillato_29273546577b
medium_tail_scan109,sqi_kSQI,0.09247242647058823,14.051650016496506,15.025184663197507,-0.09095670263435816,3.8615581405866477,3.8579170563302947,24.58928850716582,27.253103697694787,0.013235294117647059,0.006029411764705882,0.049852941176470586,0.032058823529411765,center_or_both_tails,target_lower,0.0,nl_n6800_gm_trim_bad_scan_109_sc_overlap_narrow_oscillato_29273546577b
medium_tail_scan109,band_5_15,0.085625,0.41847533091837796,0.427303854020672,-0.06274471355247806,0.16642394378881306,0.17965890843937224,0.5323878003056198,0.5355642539260052,0.03602941176470588,0.0014705882352941176,0.060147058823529415,0.04426470588235294,center_or_both_tails,target_lower,0.09406149321404933,nl_n6800_gm_trim_bad_scan_109_sc_overlap_narrow_oscillato_29273546577b
medium_tail_scan109,wavelet_e0,0.08337316176470588,0.5036662771713726,0.48729914779099437,0.052081481700098985,0.2734198559642724,0.30662206352728216,0.9118761093969101,0.8553467556764671,0.03161764705882353,0.024558823529411765,0.1048529411764706,0.09147058823529412,center_or_both_tails,target_higher,0.17988081067161707,nl_n6800_gm_trim_bad_scan_109_sc_overlap_narrow_oscillato_29273546577b
medium_tail_scan109,qrs_peak_count,0.0828952205882353,26.0,25.0,0.23529411764705882,20.0,20.0,30.0,29.0,0.011911764705882353,0.028676470588235293,0.011911764705882353,0.06970588235294117,missing_high_tail,target_higher,0.23529411764705882,nl_n6800_gm_trim_bad_scan_109_sc_overlap_narrow_oscillato_29273546577b
medium_tail_scan109,rr_count_detector_a,0.0828952205882353,26.0,25.0,0.23529411764705882,20.0,20.0,30.0,29.0,0.011911764705882353,0.028676470588235293,0.011911764705882353,0.06970588235294117,missing_high_tail,target_higher,0.23529411764705882,nl_n6800_gm_trim_bad_scan_109_sc_overlap_narrow_oscillato_29273546577b
medium_tail_scan109,hjorth_complexity,0.07779411764705882,1.8028211549495436,1.84975464667849,-0.08815608940855604,1.5621328901189564,1.5176604742527566,3.8819928028339783,3.465300000139452,0.00014705882352941175,0.032205882352941174,0.01647058823529412,0.07367647058823529,missing_high_tail,target_lower,0.7826821874321503,nl_n6800_gm_trim_bad_scan_109_sc_overlap_narrow_oscillato_29273546577b
medium_tail_scan109,rr_count_detector_b,0.07392463235294118,22.0,22.0,0.0,18.0,17.0,26.0,27.0,0.002058823529411765,0.009411764705882352,0.007352941176470588,0.023088235294117646,center_or_both_tails,target_lower,0.0,nl_n6800_gm_trim_bad_scan_109_sc_overlap_narrow_oscillato_29273546577b
medium_tail_scan109,low_amp_ratio,0.07052389705882353,0.18,0.18280000000000002,-0.03398058252427214,0.0952,0.0912,0.2976,0.28040000000000004,0.02411764705882353,0.032205882352941174,0.039411764705882354,0.07897058823529411,missing_high_tail,target_lower,0.20873786407766914,nl_n6800_gm_trim_bad_scan_109_sc_overlap_narrow_oscillato_29273546577b
medium_tail_scan109,qrs_count_high,0.0635110294117647,1.0,1.0,0.0,0.0,0.0,1.0,1.0,0.0,0.0,0.0,0.0,center_or_both_tails,target_lower,0.0,nl_n6800_gm_trim_bad_scan_109_sc_overlap_narrow_oscillato_29273546577b
medium_tail_scan109,qrs_count_deviation,0.0635110294117647,1.0,1.0,0.0,0.6428571428571429,0.6428571428571429,1.0,1.0,0.011911764705882353,0.0,0.011911764705882353,0.0,center_or_both_tails,target_lower,0.0,nl_n6800_gm_trim_bad_scan_109_sc_overlap_narrow_oscillato_29273546577b
medium_tail_scan109,zero_crossing_rate,0.05100183823529412,0.1152922337870296,0.1184947958366693,-0.04999999999999978,0.0456365092073658,0.059047237790232125,0.2169735788630904,0.19315452361889507,0.04426470588235294,0.03691176470588235,0.09926470588235294,0.08955882352941176,center_or_both_tails,target_lower,0.3718749999999993,nl_n6800_gm_trim_bad_scan_109_sc_overlap_narrow_oscillato_29273546577b
medium_tail_scan109,amplitude_entropy,0.048933823529411766,0.7166078581935977,0.7169018359999892,-0.0029578470479648625,0.6270733159024992,0.6141234765702193,0.8464121227507416,0.8584031900053308,0.004705882352941176,0.007794117647058824,0.02588235294117647,0.03514705882352941,center_or_both_tails,target_lower,0.0,nl_n6800_gm_trim_bad_scan_109_sc_overlap_narrow_oscillato_29273546577b
medium_tail_scan109,qrs_band_ratio,0.04547794117647059,0.5082665664138364,0.5015941460904854,0.038580184402291814,0.1938624035737294,0.20747942382820256,0.6334209483919371,0.6247797537595872,0.04352941176470588,0.0125,0.05794117647058823,0.07161764705882354,center_or_both_tails,target_higher,0.0787341214984305,nl_n6800_gm_trim_bad_scan_109_sc_overlap_narrow_oscillato_29273546577b
medium_tail_scan109,wavelet_e2,0.036470588235294116,0.1690081787331732,0.1659671080845049,0.02511363109181479,0.02705779352327896,0.030133636775245574,0.27338612776023763,0.2684464181171376,0.025,0.003088235294117647,0.05808823529411765,0.060294117647058824,center_or_both_tails,target_higher,0.04079288514123093,nl_n6800_gm_trim_bad_scan_109_sc_overlap_narrow_oscillato_29273546577b
medium_tail_scan109,contact_loss_win_ratio,0.0008823529411764706,0.0,0.0,0.0,0.0,0.0,0.0,0.0,0.0,0.0008823529411764706,0.0,0.0008823529411764706,center_or_both_tails,target_lower,0.0,nl_n6800_gm_trim_bad_scan_109_sc_overlap_narrow_oscillato_29273546577b
medium_tail_scan109,qrs_count_low,0.0,0.0,0.0,0.0,0.0,0.0,0.0,0.0,0.0,0.0,0.0,0.0,center_or_both_tails,target_lower,0.0,nl_n6800_gm_trim_bad_scan_109_sc_overlap_narrow_oscillato_29273546577b
medium_tail_scan109,clipping_like_ratio,0.0,0.0152,0.0152,0.0,0.0152,0.0152,0.0152,0.0152,0.0,0.0,0.0,0.0,center_or_both_tails,target_lower,0.0,nl_n6800_gm_trim_bad_scan_109_sc_overlap_narrow_oscillato_29273546577b
medium_tail_scan109,fatal_or_score,0.0,1.0,1.0,0.0,1.0,1.0,1.0,1.0,0.0,0.0,0.0,0.0,center_or_both_tails,target_lower,0.0,nl_n6800_gm_trim_bad_scan_109_sc_overlap_narrow_oscillato_29273546577b
high_medium_low_good_scan174,sqi_iSQI,1.0,0.0,0.8275862068965232,-827586206.8965231,0.0,0.6923076923076658,0.0,0.99999999999995,1.0,0.0,1.0,0.0,missing_low_tail,target_lower,692307692.3076657,nl_n6800_gm_trim_bad_scan_174_sc_overlap_compact_pca_core_63f2f0e57dd4
high_medium_low_good_scan174,mean_abs,0.6000091911764706,0.1320511214102152,0.09350343393648505,2.0173950986064417,0.10779596753241406,0.057797709607490075,0.1529464993658627,0.18738715423045207,0.0,0.0,0.0,0.0002941176470588235,center_or_both_tails,target_higher,0.0,nl_n6800_gm_trim_bad_scan_174_sc_overlap_compact_pca_core_63f2f0e57dd4
high_medium_low_good_scan174,sqi_bSQI,0.49100183823529414,0.9090909090908263,0.7999999999999681,1.298181818181122,0.69999999999993,0.6538461538461288,0.99999999999995,0.99999999999995,0.021470588235294116,0.0017647058823529412,0.03455882352941177,0.04323529411764706,center_or_both_tails,target_higher,0.0,nl_n6800_gm_trim_bad_scan_174_sc_overlap_compact_pca_core_63f2f0e57dd4
high_medium_low_good_scan174,hjorth_activity,0.44670036764705884,0.046351872783297346,0.02641416461983585,0.6587673521221995,0.026091059902315382,0.008737993604649675,0.09513725293263792,0.08110168530050063,0.0,0.0,0.0,0.10161764705882353,missing_high_tail,target_higher,0.46375308780474445,nl_n6800_gm_trim_bad_scan_174_sc_overlap_compact_pca_core_63f2f0e57dd4
high_medium_low_good_scan174,std,0.44670036764705884,0.21529483740833405,0.16252430023717335,0.7561872895883663,0.161527251981388,0.09347499809557115,0.3084432672031275,0.28477895075956444,0.0,0.0,0.0,0.10161764705882353,missing_high_tail,target_higher,0.33910314866377445,nl_n6800_gm_trim_bad_scan_174_sc_overlap_compact_pca_core_63f2f0e57dd4
high_medium_low_good_scan174,rms,0.4280514705882353,0.21817561857461526,0.16654871238737817,0.7172798784853146,0.16283436656277478,0.09603760946330728,0.3157985626728129,0.28927834996611435,0.0,0.0,0.0,0.10573529411764705,missing_high_tail,target_higher,0.3684593238780608,nl_n6800_gm_trim_bad_scan_174_sc_overlap_compact_pca_core_63f2f0e57dd4
high_medium_low_good_scan174,band_1_5,0.3991268382352941,0.207657989822072,0.28861055439849503,-0.9318362670696619,0.11047369586062412,0.14285923251509688,0.3978850791600749,0.5350145065050766,0.05955882352941176,0.0,0.13470588235294118,0.008382352941176471,missing_low_tail,target_lower,0.3727864304368287,nl_n6800_gm_trim_bad_scan_174_sc_overlap_compact_pca_core_63f2f0e57dd4
high_medium_low_good_scan174,sqi_pSQI,0.38618566176470587,0.5796416693176585,0.6430893978118501,-0.9179653321866642,0.5140206710537001,0.4573764098629773,0.6805920952126249,0.8609614806158097,0.00014705882352941175,0.0,0.006323529411764706,0.0004411764705882353,center_or_both_tails,target_lower,0.0,nl_n6800_gm_trim_bad_scan_174_sc_overlap_compact_pca_core_63f2f0e57dd4
high_medium_low_good_scan174,hf_ratio,0.36440257352941174,0.1418219696501608,0.09441543250174075,0.7516826901451895,0.041250854421403776,0.024309534148983673,0.2078551075375283,0.23587572186637443,0.003823529411764706,0.0007352941176470588,0.017794117647058825,0.011764705882352941,center_or_both_tails,target_higher,0.0,nl_n6800_gm_trim_bad_scan_174_sc_overlap_compact_pca_core_63f2f0e57dd4
high_medium_low_good_scan174,diff_abs_p95,0.36199448529411765,0.2667609473690389,0.160898371785879,0.618280799336306,0.07655783567577598,0.06751555013470317,0.44113837031647496,0.3543382443487644,0.013529411764705882,0.1126470588235294,0.03676470588235294,0.2338235294117647,missing_high_tail,target_higher,0.5069482862114043,nl_n6800_gm_trim_bad_scan_174_sc_overlap_compact_pca_core_63f2f0e57dd4
high_medium_low_good_scan174,ptp_p99_p01,0.3173713235294118,1.3402539010345933,1.03538310572505,0.5270880258937378,0.7911232970505953,0.5013275951147079,2.0029873564913867,1.8095543493330477,0.0,0.0027941176470588237,0.0,0.12808823529411764,missing_high_tail,target_higher,0.33442436420405347,nl_n6800_gm_trim_bad_scan_174_sc_overlap_compact_pca_core_63f2f0e57dd4
high_medium_low_good_scan174,non_qrs_diff_p95,0.31214154411764705,0.10551272956654414,0.07232803963124745,0.5162765070438892,0.043727522175758954,0.03652042765170335,0.21586166305467452,0.1824809338897465,0.010735294117647058,0.01926470588235294,0.026176470588235294,0.11058823529411765,missing_high_tail,target_higher,0.51932642099261,nl_n6800_gm_trim_bad_scan_174_sc_overlap_compact_pca_core_63f2f0e57dd4
high_medium_low_good_scan174,band_15_30,0.3088327205882353,0.24283120247031484,0.17115408150858624,0.8106330315393573,0.06564602927869385,0.04572256929955645,0.31591899131025813,0.32376397425345216,0.002352941176470588,0.000588235294117647,0.025441176470588234,0.03235294117647059,center_or_both_tails,target_higher,0.0,nl_n6800_gm_trim_bad_scan_174_sc_overlap_compact_pca_core_63f2f0e57dd4
high_medium_low_good_scan174,wavelet_e4,0.29857536764705883,0.00748722300813795,0.00439304788743375,0.5118429553093057,0.001199081189478945,0.0011529850265532,0.015596244702505264,0.016346736611168373,0.023823529411764705,0.0014705882352941176,0.04764705882352941,0.042205882352941176,center_or_both_tails,target_higher,0.0,nl_n6800_gm_trim_bad_scan_174_sc_overlap_compact_pca_core_63f2f0e57dd4
high_medium_low_good_scan174,band_30_45,0.28730698529411763,0.029728287923601403,0.0193541130141795,0.48435926738848173,0.00911401081823549,0.0056578803369068,0.056352374910295745,0.061314187666269525,0.010147058823529412,0.0022058823529411764,0.018970588235294118,0.03426470588235294,center_or_both_tails,target_higher,0.0,nl_n6800_gm_trim_bad_scan_174_sc_overlap_compact_pca_core_63f2f0e57dd4
high_medium_low_good_scan174,qrs_width_median,0.2854319852941177,0.0211779147380511,0.02258401915700945,-0.42158192462262073,0.01798490495653942,0.0172312170713516,0.02860763148033566,0.041911798813783346,0.0007352941176470588,0.007794117647058824,0.009852941176470589,0.01764705882352941,center_or_both_tails,target_lower,0.0,nl_n6800_gm_trim_bad_scan_174_sc_overlap_compact_pca_core_63f2f0e57dd4
high_medium_low_good_scan174,diff_zero_crossing_rate,0.2847518382352941,0.4807692307692308,0.45232371794871795,0.30084745762711856,0.3317307692307692,0.36858974358974356,0.5849358974358975,0.5236378205128205,0.028823529411764706,0.08720588235294117,0.0986764705882353,0.22926470588235295,missing_high_tail,target_higher,0.648305084745763,nl_n6800_gm_trim_bad_scan_174_sc_overlap_compact_pca_core_63f2f0e57dd4
high_medium_low_good_scan174,spectral_entropy,0.27629595588235295,0.7893228424861936,0.7394114133894067,0.5085435970455291,0.6055660621116344,0.6138136170130775,0.8495155085146664,0.8392596726086858,0.015147058823529411,0.02176470588235294,0.05588235294117647,0.11382352941176471,missing_high_tail,target_higher,0.10449589957086225,nl_n6800_gm_trim_bad_scan_174_sc_overlap_compact_pca_core_63f2f0e57dd4
high_medium_low_good_scan174,detail_instability,0.26303308823529414,1.1123475790674604,0.818547367896632,0.5059458630187075,0.4939781677934125,0.451736792128302,1.7569641912558325,1.5423505750700266,0.009117647058823529,0.04735294117647059,0.031029411764705882,0.13470588235294118,missing_high_tail,target_higher,0.36958064401648205,nl_n6800_gm_trim_bad_scan_174_sc_overlap_compact_pca_core_63f2f0e57dd4
high_medium_low_good_scan174,hjorth_mobility,0.24598345588235293,0.6299365300340141,0.5510300664028438,0.49838707156507733,0.29348514788667474,0.32809074791991394,0.7482536939921153,0.7581480852018658,0.03058823529411765,0.0013235294117647058,0.07176470588235294,0.03573529411764706,missing_low_tail,target_higher,0.21857504273585754,nl_n6800_gm_trim_bad_scan_174_sc_overlap_compact_pca_core_63f2f0e57dd4
high_medium_low_good_scan174,lf_ratio,0.22674632352941176,0.06715480518140074,0.03026211247961185,0.23191330045159367,0.00501923496706526,0.007611885948727625,0.4908699252636009,0.31714253777195317,0.03588235294117647,0.051323529411764705,0.085,0.1225,missing_high_tail,target_higher,1.0920778306341226,nl_n6800_gm_trim_bad_scan_174_sc_overlap_compact_pca_core_63f2f0e57dd4
high_medium_low_good_scan174,band_0p3_1,0.22674632352941176,0.06715480518140074,0.03026211247961185,0.23191330045159367,0.00501923496706526,0.007611885948727625,0.4908699252636009,0.31714253777195317,0.03588235294117647,0.051323529411764705,0.085,0.1225,missing_high_tail,target_higher,1.0920778306341226,nl_n6800_gm_trim_bad_scan_174_sc_overlap_compact_pca_core_63f2f0e57dd4
high_medium_low_good_scan174,sample_entropy_proxy,0.2196231617647059,0.5117133818268584,0.5491946480359229,-0.38724981105001605,0.3942004475844756,0.39623938802613556,0.6487675272462959,0.7448554894416118,0.01911764705882353,0.0,0.05338235294117647,0.0016176470588235294,missing_low_tail,target_lower,0.02106597190102693,nl_n6800_gm_trim_bad_scan_174_sc_overlap_compact_pca_core_63f2f0e57dd4
high_medium_low_good_scan174,qrs_slope_median,0.20297794117647058,2.6496984873924863,2.0072147671028846,0.3141651158020188,0.31226620064090765,0.3080341547688977,3.615661232862882,3.5926785041466536,0.02911764705882353,0.007647058823529412,0.04911764705882353,0.05823529411764706,center_or_both_tails,target_higher,0.011238217250587629,nl_n6800_gm_trim_bad_scan_174_sc_overlap_compact_pca_core_63f2f0e57dd4
high_medium_low_good_scan174,diff_abs_median,0.20222426470588234,0.023520307615399298,0.01881558354943985,0.35512491994958356,0.0095679717138409,0.00868780352175235,0.047573943808674704,0.04244386032223695,0.008382352941176471,0.03,0.03058823529411765,0.07514705882352941,missing_high_tail,target_higher,0.38723216535428384,nl_n6800_gm_trim_bad_scan_174_sc_overlap_compact_pca_core_63f2f0e57dd4
high_medium_low_good_scan174,wavelet_e3,0.1928768382352941,0.06554559284783909,0.045675025180685294,0.41429951420218264,0.009349740627857645,0.0075247120674040244,0.11403234354809175,0.11632288530282345,0.012352941176470587,0.0008823529411764706,0.037794117647058825,0.04205882352941177,center_or_both_tails,target_higher,0.0,nl_n6800_gm_trim_bad_scan_174_sc_overlap_compact_pca_core_63f2f0e57dd4
high_medium_low_good_scan174,periodicity,0.1916452205882353,0.8064293618372984,0.7900968143218845,0.16124670754367124,0.7381539395905039,0.7268568766059532,0.9850916698973435,0.8969268079514825,0.010294117647058823,0.07294117647058823,0.025735294117647058,0.2,missing_high_tail,target_higher,0.8704272065576861,nl_n6800_gm_trim_bad_scan_174_sc_overlap_compact_pca_core_63f2f0e57dd4
high_medium_low_good_scan174,baseline_step,0.16758272058823528,0.6545280848315063,0.5088973777256501,0.2413832340490718,0.22647946040907715,0.2479551916233777,1.6979897721648094,1.6142791279164141,0.028529411764705883,0.011323529411764706,0.0661764705882353,0.06279411764705882,center_or_both_tails,target_higher,0.13875058656634398,nl_n6800_gm_trim_bad_scan_174_sc_overlap_compact_pca_core_63f2f0e57dd4
high_medium_low_good_scan174,medium_detail_unreliable_score,0.16737132352941175,0.24402235336777306,0.15126401485443025,0.32007028922379316,0.022655791036582145,0.02144063117984805,0.44928540713665693,0.45067293395769337,0.012941176470588235,0.0026470588235294116,0.04735294117647059,0.048382352941176474,center_or_both_tails,target_higher,0.0,nl_n6800_gm_trim_bad_scan_174_sc_overlap_compact_pca_core_63f2f0e57dd4
high_medium_low_good_scan174,local_rms_cv,0.16346507352941175,0.1680181778255857,0.14989555258898765,0.13251787193105835,0.0832477194773219,0.07434501512399719,0.5165171374101901,0.4491943175906685,0.0007352941176470588,0.02985294117647059,0.0325,0.07882352941176471,missing_high_tail,target_higher,0.4922839102176239,nl_n6800_gm_trim_bad_scan_174_sc_overlap_compact_pca_core_63f2f0e57dd4
high_medium_low_good_scan174,spurious_peak_density,0.15704963235294117,5.7,5.9,-0.2500000000000003,4.7,4.9,6.7,6.7,0.02176470588235294,0.00926470588235294,0.08588235294117647,0.03602941176470588,missing_low_tail,target_lower,0.2500000000000003,nl_n6800_gm_trim_bad_scan_174_sc_overlap_compact_pca_core_63f2f0e57dd4
high_medium_low_good_scan174,sqi_basSQI,0.15435661764705882,0.9434639174293884,0.9591495979616134,-0.12221145663378384,0.5853351861375841,0.7873235387193152,0.9925156664564356,0.9895074770742226,0.051176470588235295,0.03676470588235294,0.16705882352941176,0.08455882352941177,missing_low_tail,target_lower,1.5737468796051104,nl_n6800_gm_trim_bad_scan_174_sc_overlap_compact_pca_core_63f2f0e57dd4
high_medium_low_good_scan174,detector_count_std,0.14118566176470587,2.160246899469287,1.8856180831641267,0.16186045180120498,0.4714045207910317,0.4714045207910317,4.109609335312651,3.7708961153129743,0.0,0.01573529411764706,0.038088235294117645,0.09338235294117647,missing_high_tail,target_higher,0.1996304523239447,nl_n6800_gm_trim_bad_scan_174_sc_overlap_compact_pca_core_63f2f0e57dd4
high_medium_low_good_scan174,detector_agreement,0.14118566176470587,0.3164309725825327,0.3465462064555278,-0.15730931332095172,0.1957096784462507,0.20962756296139176,0.6796227589829592,0.6796227589829592,0.01573529411764706,0.0,0.09338235294117647,0.038088235294117645,missing_low_tail,target_lower,0.07270117393710285,nl_n6800_gm_trim_bad_scan_174_sc_overlap_compact_pca_core_63f2f0e57dd4
high_medium_low_good_scan174,template_corr,0.14051470588235293,0.5593680851656369,0.5470608890966813,0.0596586290911599,0.36319457087924784,0.35829015245204193,0.9505144731249761,0.8822221715323457,0.006911764705882353,0.010735294117647058,0.04647058823529412,0.15426470588235294,missing_high_tail,target_higher,0.33104413610289624,nl_n6800_gm_trim_bad_scan_174_sc_overlap_compact_pca_core_63f2f0e57dd4
high_medium_low_good_scan174,aggressive_peak_count,0.131875,83.0,85.0,-0.25,72.0,72.0,91.0,90.25,0.029558823529411766,0.012647058823529412,0.04735294117647059,0.06661764705882353,center_or_both_tails,target_lower,0.09375,nl_n6800_gm_trim_bad_scan_174_sc_overlap_compact_pca_core_63f2f0e57dd4
high_medium_low_good_scan174,qrs_prom_median,0.11696691176470589,3.414851266226729,3.0563423679340627,0.11988835299888598,0.8140177918519959,0.6758615445441826,5.24855083835571,5.55621069980735,0.0072058823529411765,0.0,0.02323529411764706,0.006176470588235294,center_or_both_tails,target_higher,0.0,nl_n6800_gm_trim_bad_scan_174_sc_overlap_compact_pca_core_63f2f0e57dd4
high_medium_low_good_scan174,non_qrs_rms_ratio,0.11563419117647059,0.4960938607658666,0.45298915154513686,0.18334199179989621,0.3003726913585725,0.26074457883827346,0.8180356278543981,0.83009982644894,0.001176470588235294,0.008382352941176471,0.012647058823529412,0.043823529411764706,missing_high_tail,target_higher,0.0,nl_n6800_gm_trim_bad_scan_174_sc_overlap_compact_pca_core_63f2f0e57dd4
high_medium_low_good_scan174,sqi_fSQI,0.11223345588235294,0.0024019215372297,0.0032025620496397,-0.333333333333361,0.0,0.0,0.0072057646116893,0.0096076861489191,0.0,0.0072058823529411765,0.0,0.01088235294117647,center_or_both_tails,target_lower,0.0,nl_n6800_gm_trim_bad_scan_174_sc_overlap_compact_pca_core_63f2f0e57dd4
high_medium_low_good_scan174,qrs_visibility,0.11137867647058823,0.25340365301367207,0.2070569814615189,0.16387337604225338,0.03330001983151798,0.03585232749699855,0.4537408527454071,0.4758565974364411,0.017941176470588235,0.001176470588235294,0.05558823529411765,0.018235294117647058,missing_low_tail,target_higher,0.009024494312826056,nl_n6800_gm_trim_bad_scan_174_sc_overlap_compact_pca_core_63f2f0e57dd4
high_medium_low_good_scan174,rr_count_detector_c,0.1064797794117647,23.0,22.0,0.2,16.0,18.0,28.0,26.0,0.0625,0.03338235294117647,0.0988235294117647,0.11691176470588235,center_or_both_tails,target_higher,0.4,nl_n6800_gm_trim_bad_scan_174_sc_overlap_compact_pca_core_63f2f0e57dd4
high_medium_low_good_scan174,higuchi_fd_proxy,0.10524816176470589,1.4974841660408762,1.4763798059498843,0.17280108981773465,1.3604010458957485,1.340578327774152,1.7054048421477908,1.6652749311524295,0.0125,0.022794117647058822,0.03132352941176471,0.08029411764705882,missing_high_tail,target_higher,0.32858102896220936,nl_n6800_gm_trim_bad_scan_174_sc_overlap_compact_pca_core_63f2f0e57dd4
high_medium_low_good_scan174,wavelet_e1,0.10340073529411764,0.24196993955151946,0.26118319136845974,-0.12885875724242182,0.048294491749637444,0.06806358936862363,0.37874886190050483,0.38766771437875197,0.02661764705882353,0.0027941176470588237,0.07955882352941177,0.03602941176470588,missing_low_tail,target_lower,0.13258668419369926,nl_n6800_gm_trim_bad_scan_174_sc_overlap_compact_pca_core_63f2f0e57dd4
high_medium_low_good_scan174,flatline_ratio,0.10308823529411765,0.0848678943154523,0.0912730184147317,-0.14285714285714254,0.0432345876701361,0.0504403522818254,0.1673338670936749,0.17874299439551639,0.03529411764705882,0.014852941176470588,0.08544117647058823,0.03397058823529412,missing_low_tail,target_lower,0.16071428571428475,nl_n6800_gm_trim_bad_scan_174_sc_overlap_compact_pca_core_63f2f0e57dd4
high_medium_low_good_scan174,band_5_15,0.09837316176470588,0.41847533091837796,0.42850538654384507,-0.07128405961488918,0.16642394378881306,0.1790819422244398,0.5323878003056198,0.538536374708851,0.03602941176470588,0.0014705882352941176,0.05955882352941176,0.037941176470588235,center_or_both_tails,target_lower,0.08996096819237419,nl_n6800_gm_trim_bad_scan_174_sc_overlap_compact_pca_core_63f2f0e57dd4
high_medium_low_good_scan174,sqi_sSQI,0.09717830882352942,2.6353028288223523,2.9552293679188115,-0.14826266948679814,-0.2691526913625039,0.08215607741434983,4.1250626789274625,4.48908631040009,0.023088235294117646,0.00411764705882353,0.07970588235294118,0.015441176470588236,missing_low_tail,target_lower,0.16280604922642106,nl_n6800_gm_trim_bad_scan_174_sc_overlap_compact_pca_core_63f2f0e57dd4
high_medium_low_good_scan174,rr_count_detector_b,0.08564338235294118,22.0,22.0,0.0,18.0,17.0,26.0,27.0,0.002058823529411765,0.009411764705882352,0.007352941176470588,0.023088235294117646,center_or_both_tails,target_lower,0.0,nl_n6800_gm_trim_bad_scan_174_sc_overlap_compact_pca_core_63f2f0e57dd4
high_medium_low_good_scan174,sqi_kSQI,0.08443014705882353,14.051650016496506,15.036570124831325,-0.09202043883695901,3.8615581405866477,3.837836823101364,24.58928850716582,27.127175888986446,0.013676470588235293,0.006029411764705882,0.049558823529411766,0.03279411764705882,center_or_both_tails,target_lower,0.0,nl_n6800_gm_trim_bad_scan_174_sc_overlap_compact_pca_core_63f2f0e57dd4
high_medium_low_good_scan174,wavelet_e0,0.08337316176470588,0.5036662771713726,0.48558705749725645,0.05752948649250494,0.2734198559642724,0.31058577977917434,0.9118761093969101,0.8534381777372133,0.038088235294117645,0.024558823529411765,0.115,0.09338235294117647,center_or_both_tails,target_higher,0.18595405447059551,nl_n6800_gm_trim_bad_scan_174_sc_overlap_compact_pca_core_63f2f0e57dd4
high_medium_low_good_scan174,qrs_prom_p90,0.08172794117647059,5.551110243488319,5.6284581809213545,-0.05046793486597847,2.9649811624243423,3.0381919239632005,7.063771518999083,6.989852914216142,0.015294117647058824,0.014264705882352941,0.05588235294117647,0.05588235294117647,center_or_both_tails,target_lower,0.048230365997789966,nl_n6800_gm_trim_bad_scan_174_sc_overlap_compact_pca_core_63f2f0e57dd4
high_medium_low_good_scan174,hjorth_complexity,0.07965992647058824,1.8028211549495436,1.850512211564772,-0.0895790382535634,1.5621328901189564,1.5169731919151737,3.8819928028339783,3.4363762751254114,0.00014705882352941175,0.032205882352941174,0.016029411764705882,0.07529411764705882,missing_high_tail,target_lower,0.8370101820994138,nl_n6800_gm_trim_bad_scan_174_sc_overlap_compact_pca_core_63f2f0e57dd4
high_medium_low_good_scan174,qrs_peak_count,0.0789889705882353,26.0,25.0,0.23529411764705882,20.0,20.0,30.0,29.0,0.011911764705882353,0.028676470588235293,0.011911764705882353,0.06970588235294117,missing_high_tail,target_higher,0.23529411764705882,nl_n6800_gm_trim_bad_scan_174_sc_overlap_compact_pca_core_63f2f0e57dd4
high_medium_low_good_scan174,rr_count_detector_a,0.0789889705882353,26.0,25.0,0.23529411764705882,20.0,20.0,30.0,29.0,0.011911764705882353,0.028676470588235293,0.011911764705882353,0.06970588235294117,missing_high_tail,target_higher,0.23529411764705882,nl_n6800_gm_trim_bad_scan_174_sc_overlap_compact_pca_core_63f2f0e57dd4
high_medium_low_good_scan174,low_amp_ratio,0.06661764705882353,0.18,0.1856,-0.06796116504854362,0.0952,0.0936,0.2976,0.2762,0.02411764705882353,0.043676470588235296,0.04470588235294118,0.0875,missing_high_tail,target_lower,0.25970873786407733,nl_n6800_gm_trim_bad_scan_174_sc_overlap_compact_pca_core_63f2f0e57dd4
high_medium_low_good_scan174,zero_crossing_rate,0.05969669117647059,0.1152922337870296,0.1192954363490792,-0.0624999999999993,0.0456365092073658,0.0592473979183346,0.2169735788630904,0.19315452361889507,0.04426470588235294,0.03691176470588235,0.09926470588235294,0.08955882352941176,center_or_both_tails,target_lower,0.3718749999999993,nl_n6800_gm_trim_bad_scan_174_sc_overlap_compact_pca_core_63f2f0e57dd4
high_medium_low_good_scan174,qrs_count_high,0.05960477941176471,1.0,1.0,0.0,0.0,0.0,1.0,1.0,0.0,0.0,0.0,0.0,center_or_both_tails,target_lower,0.0,nl_n6800_gm_trim_bad_scan_174_sc_overlap_compact_pca_core_63f2f0e57dd4
high_medium_low_good_scan174,qrs_count_deviation,0.05960477941176471,1.0,1.0,0.0,0.6428571428571429,0.6428571428571429,1.0,1.0,0.011911764705882353,0.0,0.011911764705882353,0.0,center_or_both_tails,target_lower,0.0,nl_n6800_gm_trim_bad_scan_174_sc_overlap_compact_pca_core_63f2f0e57dd4
high_medium_low_good_scan174,wavelet_e2,0.05034926470588235,0.1690081787331732,0.16567056827125776,0.02756250266840434,0.02705779352327896,0.0342414177039585,0.27338612776023763,0.2685389407141907,0.025441176470588234,0.003088235294117647,0.06955882352941177,0.060147058823529415,center_or_both_tails,target_higher,0.059323477951696964,nl_n6800_gm_trim_bad_scan_174_sc_overlap_compact_pca_core_63f2f0e57dd4
high_medium_low_good_scan174,amplitude_entropy,0.04988970588235294,0.7166078581935977,0.7169018359999892,-0.0029578470479648625,0.6270733159024992,0.6126328719529743,0.8464121227507416,0.8576114864417891,0.0035294117647058825,0.007794117647058824,0.024558823529411765,0.03602941176470588,center_or_both_tails,target_lower,0.0,nl_n6800_gm_trim_bad_scan_174_sc_overlap_compact_pca_core_63f2f0e57dd4
high_medium_low_good_scan174,qrs_band_ratio,0.036976102941176474,0.5082665664138364,0.5052955992734305,0.017178243362289337,0.1938624035737294,0.21844380070306987,0.6334209483919371,0.6259390771164425,0.04352941176470588,0.0125,0.06485294117647059,0.06941176470588235,center_or_both_tails,target_higher,0.14213055955078657,nl_n6800_gm_trim_bad_scan_174_sc_overlap_compact_pca_core_63f2f0e57dd4
high_medium_low_good_scan174,contact_loss_win_ratio,0.0008823529411764706,0.0,0.0,0.0,0.0,0.0,0.0,0.0,0.0,0.0008823529411764706,0.0,0.0008823529411764706,center_or_both_tails,target_lower,0.0,nl_n6800_gm_trim_bad_scan_174_sc_overlap_compact_pca_core_63f2f0e57dd4
high_medium_low_good_scan174,qrs_count_low,0.0,0.0,0.0,0.0,0.0,0.0,0.0,0.0,0.0,0.0,0.0,0.0,center_or_both_tails,target_lower,0.0,nl_n6800_gm_trim_bad_scan_174_sc_overlap_compact_pca_core_63f2f0e57dd4
high_medium_low_good_scan174,clipping_like_ratio,0.0,0.0152,0.0152,0.0,0.0152,0.0152,0.0152,0.0152,0.0,0.0,0.0,0.0,center_or_both_tails,target_lower,0.0,nl_n6800_gm_trim_bad_scan_174_sc_overlap_compact_pca_core_63f2f0e57dd4
high_medium_low_good_scan174,fatal_or_score,0.0,1.0,1.0,0.0,1.0,1.0,1.0,1.0,0.0,0.0,0.0,0.0,center_or_both_tails,target_lower,0.0,nl_n6800_gm_trim_bad_scan_174_sc_overlap_compact_pca_core_63f2f0e57dd4
subtype_isolated_lowqrs_best,sqi_iSQI,1.0,0.0,0.8399999999999664,-839999999.9999664,0.0,0.6923076923076658,0.0,0.99999999999995,1.0,0.0,1.0,0.0,missing_low_tail,target_lower,692307692.3076657,nl_n6800_gm_trim_bad_refine_medium_isolated_lowqrs_baseli_e05c1215b526
subtype_isolated_lowqrs_best,mean_abs,0.5847794117647059,0.1320511214102152,0.09696867362258485,1.8360416111112867,0.10779596753241406,0.052724202462941114,0.1529464993658627,0.17991358346810796,0.0,0.0,0.0,0.0004411764705882353,center_or_both_tails,target_higher,0.0,nl_n6800_gm_trim_bad_refine_medium_isolated_lowqrs_baseli_e05c1215b526
subtype_isolated_lowqrs_best,sqi_bSQI,0.44066176470588236,0.9090909090908263,0.8148148148147847,1.1218855218848167,0.69999999999993,0.6537625418059948,0.99999999999995,0.9999999999999477,0.018676470588235294,0.0008823529411764706,0.03455882352941177,0.05411764705882353,center_or_both_tails,target_higher,2.774447338538071e-14,nl_n6800_gm_trim_bad_refine_medium_isolated_lowqrs_baseli_e05c1215b526
subtype_isolated_lowqrs_best,sqi_pSQI,0.4335294117647059,0.5796416693176585,0.6621169167622146,-1.1932565548749337,0.5140206710537001,0.47458768128235135,0.6805920952126249,0.879775262442505,0.0008823529411764706,0.0,0.011176470588235295,0.0,center_or_both_tails,target_lower,0.0,nl_n6800_gm_trim_bad_refine_medium_isolated_lowqrs_baseli_e05c1215b526
subtype_isolated_lowqrs_best,band_1_5,0.4172058823529412,0.207657989822072,0.29536773153677665,-1.00961740659762,0.11047369586062412,0.15280965822674666,0.3978850791600749,0.5786775860730115,0.03882352941176471,0.0,0.1711764705882353,0.003676470588235294,missing_low_tail,target_lower,0.48732471096461055,nl_n6800_gm_trim_bad_refine_medium_isolated_lowqrs_baseli_e05c1215b526
subtype_isolated_lowqrs_best,hjorth_activity,0.40897058823529414,0.046351872783297346,0.0283342118826583,0.5953265373149563,0.026091059902315382,0.0073389510910780295,0.09513725293263792,0.09106859952273645,0.0,0.0,0.0,0.06161764705882353,missing_high_tail,target_higher,0.13443350717991479,nl_n6800_gm_trim_bad_refine_medium_isolated_lowqrs_baseli_e05c1215b526
subtype_isolated_lowqrs_best,std,0.40897058823529414,0.21529483740833405,0.16832759435148698,0.6730276804156705,0.161527251981388,0.08566762771909385,0.3084432672031275,0.30177563162895976,0.0,0.0,0.0,0.06161764705882353,missing_high_tail,target_higher,0.09554538466112715,nl_n6800_gm_trim_bad_refine_medium_isolated_lowqrs_baseli_e05c1215b526
subtype_isolated_lowqrs_best,hf_ratio,0.40338235294117647,0.1418219696501608,0.0881485668877362,0.8510507243208374,0.041250854421403776,0.01995136335813918,0.2078551075375283,0.21881417405782788,0.0013235294117647058,0.0007352941176470588,0.010147058823529412,0.027647058823529413,center_or_both_tails,target_higher,0.0,nl_n6800_gm_trim_bad_refine_medium_isolated_lowqrs_baseli_e05c1215b526
subtype_isolated_lowqrs_best,rms,0.39588235294117646,0.21817561857461526,0.17079871919106648,0.6582322889850759,0.16283436656277478,0.08676158689978894,0.3157985626728129,0.30561532979731093,0.0,0.0,0.0,0.06705882352941177,missing_high_tail,target_higher,0.1414810334176763,nl_n6800_gm_trim_bad_refine_medium_isolated_lowqrs_baseli_e05c1215b526
subtype_isolated_lowqrs_best,diff_abs_p95,0.3881617647058824,0.2667609473690389,0.15731453374028148,0.6392118813482232,0.07655783567577598,0.0645322417095303,0.44113837031647496,0.34791300944983927,0.009852941176470589,0.04147058823529412,0.03279411764705882,0.2560294117647059,missing_high_tail,target_higher,0.5444742895921768,nl_n6800_gm_trim_bad_refine_medium_isolated_lowqrs_baseli_e05c1215b526
subtype_isolated_lowqrs_best,band_30_45,0.32588235294117646,0.029728287923601403,0.01688304708357135,0.5997307252892911,0.00911401081823549,0.00523719444033019,0.056352374910295745,0.055077132723323374,0.004411764705882353,0.0022058823529411764,0.015294117647058824,0.055,missing_high_tail,target_higher,0.05953971056183423,nl_n6800_gm_trim_bad_refine_medium_isolated_lowqrs_baseli_e05c1215b526
subtype_isolated_lowqrs_best,qrs_width_median,0.32573529411764707,0.0211779147380511,0.02326969733761025,-0.627163759905925,0.01798490495653942,0.017720456191969308,0.02860763148033566,0.04862423653834204,0.0007352941176470588,0.0026470588235294116,0.0275,0.011176470588235295,center_or_both_tails,target_lower,0.0,nl_n6800_gm_trim_bad_refine_medium_isolated_lowqrs_baseli_e05c1215b526
subtype_isolated_lowqrs_best,band_15_30,0.32323529411764707,0.24283120247031484,0.1694196688267107,0.8302483870584467,0.06564602927869385,0.030766980587546164,0.31591899131025813,0.3266056139317989,0.0002941176470588235,0.0007352941176470588,0.007647058823529412,0.027205882352941177,center_or_both_tails,target_higher,0.0,nl_n6800_gm_trim_bad_refine_medium_isolated_lowqrs_baseli_e05c1215b526
subtype_isolated_lowqrs_best,wavelet_e4,0.31566176470588236,0.00748722300813795,0.004233341930307451,0.5382617473579672,0.001199081189478945,0.001043907895876175,0.015596244702505264,0.014466736690195025,0.014558823529411765,0.0016176470588235294,0.039705882352941174,0.07544117647058823,missing_high_tail,target_higher,0.18684486058915642,nl_n6800_gm_trim_bad_refine_medium_isolated_lowqrs_baseli_e05c1215b526
subtype_isolated_lowqrs_best,detail_instability,0.3049264705882353,1.1123475790674604,0.8108053805157929,0.5192781423634661,0.4939781677934125,0.44918564302054037,1.7569641912558325,1.578951357671837,0.006323529411764706,0.014705882352941176,0.029705882352941176,0.11691176470588235,missing_high_tail,target_higher,0.30655136821427414,nl_n6800_gm_trim_bad_refine_medium_isolated_lowqrs_baseli_e05c1215b526
subtype_isolated_lowqrs_best,ptp_p99_p01,0.2927205882352941,1.3402539010345933,1.026775210574269,0.541970128515338,0.7911232970505953,0.48605687272548664,2.0029873564913867,1.7760221198201174,0.0,0.000588235294117647,0.0,0.14573529411764705,missing_high_tail,target_higher,0.3923978957121826,nl_n6800_gm_trim_bad_refine_medium_isolated_lowqrs_baseli_e05c1215b526
subtype_isolated_lowqrs_best,diff_zero_crossing_rate,0.28308823529411764,0.4807692307692308,0.45072115384615385,0.3177966101694914,0.3317307692307692,0.3709134615384615,0.5849358974358975,0.5152243589743589,0.054705882352941174,0.13191176470588234,0.10426470588235294,0.27558823529411763,missing_high_tail,target_higher,0.7372881355932208,nl_n6800_gm_trim_bad_refine_medium_isolated_lowqrs_baseli_e05c1215b526
subtype_isolated_lowqrs_best,non_qrs_diff_p95,0.2716911764705882,0.10551272956654414,0.0775375849916599,0.4352281113166868,0.043727522175758954,0.033877345342771086,0.21586166305467452,0.18206783415284006,0.006176470588235294,0.010588235294117647,0.01926470588235294,0.11088235294117647,missing_high_tail,target_higher,0.5257532910235384,nl_n6800_gm_trim_bad_refine_medium_isolated_lowqrs_baseli_e05c1215b526
subtype_isolated_lowqrs_best,hjorth_mobility,0.2677205882352941,0.6299365300340141,0.5473386321556495,0.5217028180789973,0.29348514788667474,0.30924852929555424,0.7482536939921153,0.7505450007839557,0.023529411764705882,0.0016176470588235294,0.05911764705882353,0.045588235294117645,center_or_both_tails,target_higher,0.09956428328935267,nl_n6800_gm_trim_bad_refine_medium_isolated_lowqrs_baseli_e05c1215b526
subtype_isolated_lowqrs_best,sample_entropy_proxy,0.2625735294117647,0.5117133818268584,0.5605565016092282,-0.5046384719586055,0.3942004475844756,0.4031981593522742,0.6487675272462959,0.7618269633330681,0.011911764705882353,0.0,0.06529411764705882,0.0007352941176470588,missing_low_tail,target_lower,0.09296276605297465,nl_n6800_gm_trim_bad_refine_medium_isolated_lowqrs_baseli_e05c1215b526
subtype_isolated_lowqrs_best,spectral_entropy,0.25323529411764706,0.7893228424861936,0.744889509767483,0.4527277070282997,0.6055660621116344,0.5835505542727615,0.8495155085146664,0.8442595218361626,0.003088235294117647,0.006176470588235294,0.03676470588235294,0.08,missing_high_tail,target_higher,0.05355283188398587,nl_n6800_gm_trim_bad_refine_medium_isolated_lowqrs_baseli_e05c1215b526
subtype_isolated_lowqrs_best,qrs_slope_median,0.23779411764705882,2.6496984873924863,1.7056684833929094,0.46161682570481677,0.31226620064090765,0.33759490627178756,3.615661232862882,3.684663795367287,0.02411764705882353,0.0,0.05838235294117647,0.03235294117647059,center_or_both_tails,target_higher,0.01238536555300391,nl_n6800_gm_trim_bad_refine_medium_isolated_lowqrs_baseli_e05c1215b526
subtype_isolated_lowqrs_best,lf_ratio,0.2263235294117647,0.06715480518140074,0.0319619065495527,0.22122812612630202,0.00501923496706526,0.0076707876605136005,0.4908699252636009,0.34426528312181903,0.046764705882352944,0.025588235294117648,0.08588235294117647,0.10661764705882353,center_or_both_tails,target_higher,0.9215799642344031,nl_n6800_gm_trim_bad_refine_medium_isolated_lowqrs_baseli_e05c1215b526
subtype_isolated_lowqrs_best,band_0p3_1,0.2263235294117647,0.06715480518140074,0.0319619065495527,0.22122812612630202,0.00501923496706526,0.0076707876605136005,0.4908699252636009,0.34426528312181903,0.046764705882352944,0.025588235294117648,0.08588235294117647,0.10661764705882353,center_or_both_tails,target_higher,0.9215799642344031,nl_n6800_gm_trim_bad_refine_medium_isolated_lowqrs_baseli_e05c1215b526
subtype_isolated_lowqrs_best,baseline_step,0.21794117647058822,0.6545280848315063,0.49743916120220333,0.26037525445348886,0.22647946040907715,0.26031207808018936,1.6979897721648094,1.3739785197011558,0.03558823529411765,0.02088235294117647,0.07529411764705882,0.1186764705882353,missing_high_tail,target_higher,0.5370494007909816,nl_n6800_gm_trim_bad_refine_medium_isolated_lowqrs_baseli_e05c1215b526
subtype_isolated_lowqrs_best,local_rms_cv,0.19595588235294117,0.1680181778255857,0.14266981815870022,0.18535452982910666,0.0832477194773219,0.07702824689719057,0.5165171374101901,0.4250473213467623,0.0007352941176470588,0.028529411764705883,0.03735294117647059,0.09176470588235294,missing_high_tail,target_higher,0.668853723585921,nl_n6800_gm_trim_bad_refine_medium_isolated_lowqrs_baseli_e05c1215b526
subtype_isolated_lowqrs_best,periodicity,0.18933823529411764,0.8064293618372984,0.7930818952096009,0.13177583262709425,0.7381539395905039,0.7289120087003745,0.9850916698973435,0.8787119255068897,0.009411764705882352,0.11735294117647059,0.028676470588235293,0.2298529411764706,missing_high_tail,target_higher,1.0502576843024296,nl_n6800_gm_trim_bad_refine_medium_isolated_lowqrs_baseli_e05c1215b526
subtype_isolated_lowqrs_best,wavelet_e3,0.18470588235294116,0.06554559284783909,0.04737217442150955,0.3789141081191763,0.009349740627857645,0.006864307730136025,0.11403234354809175,0.11610243531523282,0.0033823529411764705,0.0008823529411764706,0.03308823529411765,0.04308823529411765,center_or_both_tails,target_higher,0.0,nl_n6800_gm_trim_bad_refine_medium_isolated_lowqrs_baseli_e05c1215b526
subtype_isolated_lowqrs_best,diff_abs_median,0.18073529411764705,0.023520307615399298,0.0193995982408523,0.3110419583072983,0.0095679717138409,0.00844391621649261,0.047573943808674704,0.04276779331266875,0.005147058823529412,0.025294117647058825,0.02661764705882353,0.07264705882352941,missing_high_tail,target_higher,0.36278085308106095,nl_n6800_gm_trim_bad_refine_medium_isolated_lowqrs_baseli_e05c1215b526
subtype_isolated_lowqrs_best,sqi_basSQI,0.1788970588235294,0.9434639174293884,0.9617552935926372,-0.14251314886559308,0.5853351861375841,0.7714560504460382,0.9925156664564356,0.9887415339646874,0.06161764705882353,0.03661764705882353,0.14911764705882352,0.09294117647058824,missing_low_tail,target_lower,1.450118908793595,nl_n6800_gm_trim_bad_refine_medium_isolated_lowqrs_baseli_e05c1215b526
subtype_isolated_lowqrs_best,medium_detail_unreliable_score,0.15683823529411764,0.24402235336777306,0.14226214725299696,0.35113197502932963,0.022655791036582145,0.01444834531589224,0.44928540713665693,0.44418919607558044,0.007352941176470588,0.0010294117647058824,0.028970588235294116,0.057352941176470586,center_or_both_tails,target_higher,0.01758489613340385,nl_n6800_gm_trim_bad_refine_medium_isolated_lowqrs_baseli_e05c1215b526
subtype_isolated_lowqrs_best,spurious_peak_density,0.15345588235294116,5.7,5.9,-0.2500000000000003,4.7,5.0,6.7,6.5,0.04867647058823529,0.022794117647058822,0.1111764705882353,0.07970588235294118,missing_low_tail,target_lower,0.37499999999999983,nl_n6800_gm_trim_bad_refine_medium_isolated_lowqrs_baseli_e05c1215b526
subtype_isolated_lowqrs_best,sqi_fSQI,0.13955882352941176,0.0024019215372297,0.0032025620496397,-0.333333333333361,0.0,0.0008006405124099,0.0072057646116893,0.0080064051240992,0.0,0.0072058823529411765,0.060147058823529415,0.027647058823529413,missing_low_tail,target_lower,0.33333333333331944,nl_n6800_gm_trim_bad_refine_medium_isolated_lowqrs_baseli_e05c1215b526
subtype_isolated_lowqrs_best,detector_count_std,0.13838235294117648,2.160246899469287,1.699673171197595,0.2714524744664266,0.4714045207910317,0.4714045207910317,4.109609335312651,3.771236166328253,0.0,0.018235294117647058,0.038088235294117645,0.08647058823529412,missing_high_tail,target_higher,0.19943003340320295,nl_n6800_gm_trim_bad_refine_medium_isolated_lowqrs_baseli_e05c1215b526
subtype_isolated_lowqrs_best,detector_agreement,0.13838235294117648,0.3164309725825327,0.3704152082810796,-0.28199093799865715,0.1957096784462507,0.2095892898903721,0.6796227589829592,0.6796227589829592,0.018235294117647058,0.0,0.08647058823529412,0.038088235294117645,missing_low_tail,target_lower,0.07250125151424607,nl_n6800_gm_trim_bad_refine_medium_isolated_lowqrs_baseli_e05c1215b526
subtype_isolated_lowqrs_best,aggressive_peak_count,0.13625,83.0,85.0,-0.25,72.0,75.0,91.0,91.0,0.036176470588235296,0.027205882352941177,0.1,0.04044117647058824,missing_low_tail,target_lower,0.375,nl_n6800_gm_trim_bad_refine_medium_isolated_lowqrs_baseli_e05c1215b526
subtype_isolated_lowqrs_best,template_corr,0.1349264705882353,0.5593680851656369,0.5440300565225806,0.07435046591269026,0.36319457087924784,0.3493980917519039,0.9505144731249761,0.8398001546610419,0.008529411764705883,0.04632352941176471,0.04,0.1751470588235294,missing_high_tail,target_higher,0.5366831261412517,nl_n6800_gm_trim_bad_refine_medium_isolated_lowqrs_baseli_e05c1215b526
subtype_isolated_lowqrs_best,non_qrs_rms_ratio,0.1349264705882353,0.4960938607658666,0.4435974695759989,0.22328866374600562,0.3003726913585725,0.26434633473925945,0.8180356278543981,0.8089816963520899,0.0004411764705882353,0.011911764705882353,0.014705882352941176,0.054411764705882354,missing_high_tail,target_higher,0.03851008080701076,nl_n6800_gm_trim_bad_refine_medium_isolated_lowqrs_baseli_e05c1215b526
subtype_isolated_lowqrs_best,rr_count_detector_b,0.12544117647058822,22.0,22.0,0.0,18.0,18.0,26.0,27.0,0.002058823529411765,0.003088235294117647,0.024558823529411765,0.023088235294117646,center_or_both_tails,target_lower,0.0,nl_n6800_gm_trim_bad_refine_medium_isolated_lowqrs_baseli_e05c1215b526
subtype_isolated_lowqrs_best,higuchi_fd_proxy,0.12022058823529412,1.4974841660408762,1.472698746655941,0.20294135727595616,1.3604010458957485,1.3421954235635265,1.7054048421477908,1.6499696352288074,0.009852941176470589,0.03,0.03264705882352941,0.09220588235294118,missing_high_tail,target_higher,0.4538997689847379,nl_n6800_gm_trim_bad_refine_medium_isolated_lowqrs_baseli_e05c1215b526
subtype_isolated_lowqrs_best,wavelet_e1,0.10911764705882353,0.24196993955151946,0.26406124790666596,-0.14816120496549237,0.048294491749637444,0.07348609128454617,0.37874886190050483,0.3943876931046242,0.015147058823529411,0.006617647058823529,0.08794117647058823,0.028088235294117646,missing_low_tail,target_lower,0.16895412811666682,nl_n6800_gm_trim_bad_refine_medium_isolated_lowqrs_baseli_e05c1215b526
subtype_isolated_lowqrs_best,sqi_sSQI,0.10816176470588235,2.6353028288223523,2.9372113042874695,-0.139912608186756,-0.2691526913625039,0.2834268475301464,4.1250626789274625,4.470570680526506,0.019558823529411764,0.0022058823529411764,0.10338235294117647,0.016323529411764705,missing_low_tail,target_lower,0.25608040449344227,nl_n6800_gm_trim_bad_refine_medium_isolated_lowqrs_baseli_e05c1215b526
subtype_isolated_lowqrs_best,qrs_visibility,0.10294117647058823,0.25340365301367207,0.2120508863406855,0.14621583937833105,0.03330001983151798,0.03272283091789095,0.4537408527454071,0.4643525235027781,0.01573529411764706,0.0007352941176470588,0.0475,0.031029411764705882,center_or_both_tails,target_higher,0.0,nl_n6800_gm_trim_bad_refine_medium_isolated_lowqrs_baseli_e05c1215b526
subtype_isolated_lowqrs_best,qrs_prom_median,0.10205882352941177,3.414851266226729,3.006990796663432,0.13639192829567814,0.8140177918519959,0.7161162365259844,5.24855083835571,5.550737187193344,0.011323529411764706,0.0004411764705882353,0.03073529411764706,0.006323529411764706,center_or_both_tails,target_higher,0.0,nl_n6800_gm_trim_bad_refine_medium_isolated_lowqrs_baseli_e05c1215b526
subtype_isolated_lowqrs_best,flatline_ratio,0.10029411764705883,0.0848678943154523,0.0928742994395516,-0.1785714285714291,0.0432345876701361,0.0488390712570056,0.1673338670936749,0.1802241793434747,0.02176470588235294,0.006323529411764706,0.07588235294117647,0.03264705882352941,missing_low_tail,target_lower,0.12500000000000036,nl_n6800_gm_trim_bad_refine_medium_isolated_lowqrs_baseli_e05c1215b526
subtype_isolated_lowqrs_best,rr_count_detector_c,0.09257352941176471,23.0,23.0,0.0,16.0,18.0,28.0,26.0,0.03588235294117647,0.03338235294117647,0.0988235294117647,0.11691176470588235,center_or_both_tails,target_lower,0.4,nl_n6800_gm_trim_bad_refine_medium_isolated_lowqrs_baseli_e05c1215b526
subtype_isolated_lowqrs_best,wavelet_e0,0.09213235294117647,0.5036662771713726,0.4848669605923849,0.05982089098389535,0.2734198559642724,0.31473291184154983,0.9118761093969101,0.8636617942857245,0.02823529411764706,0.016176470588235296,0.12205882352941176,0.08573529411764706,missing_low_tail,target_higher,0.15342170956114184,nl_n6800_gm_trim_bad_refine_medium_isolated_lowqrs_baseli_e05c1215b526
subtype_isolated_lowqrs_best,sqi_kSQI,0.08169117647058824,14.051650016496506,15.08195193234117,-0.0962604313063286,3.8615581405866477,3.9305420630087498,24.58928850716582,27.74270684918069,0.015588235294117648,0.006029411764705882,0.052794117647058825,0.029264705882352943,center_or_both_tails,target_lower,0.00644512256401066,nl_n6800_gm_trim_bad_refine_medium_isolated_lowqrs_baseli_e05c1215b526
subtype_isolated_lowqrs_best,zero_crossing_rate,0.08125,0.1152922337870296,0.1184947958366693,-0.04999999999999978,0.0456365092073658,0.06156925540432341,0.2169735788630904,0.2002401921537229,0.03661764705882353,0.0325,0.11029411764705882,0.07573529411764705,missing_low_tail,target_lower,0.2612499999999998,nl_n6800_gm_trim_bad_refine_medium_isolated_lowqrs_baseli_e05c1215b526
subtype_isolated_lowqrs_best,qrs_prom_p90,0.08058823529411764,5.551110243488319,5.624416793355872,-0.04783101278128113,2.9649811624243423,3.0479419035431787,7.063771518999083,6.9923316466300935,0.008088235294117648,0.016176470588235296,0.05661764705882353,0.055735294117647056,center_or_both_tails,target_lower,0.05413017357888216,nl_n6800_gm_trim_bad_refine_medium_isolated_lowqrs_baseli_e05c1215b526
subtype_isolated_lowqrs_best,band_5_15,0.07088235294117647,0.41847533091837796,0.4316976105934841,-0.09397134051897237,0.16642394378881306,0.16944173066584076,0.5323878003056198,0.5371473798314125,0.014558823529411765,0.002058823529411765,0.05205882352941176,0.041176470588235294,center_or_both_tails,target_lower,0.02144754801766657,nl_n6800_gm_trim_bad_refine_medium_isolated_lowqrs_baseli_e05c1215b526
subtype_isolated_lowqrs_best,qrs_count_deviation,0.0675735294117647,1.0,1.0,0.0,0.6428571428571429,0.7142857142857143,1.0,1.0,0.011911764705882353,0.0,0.05352941176470588,0.0,missing_low_tail,target_lower,0.4999999999999996,nl_n6800_gm_trim_bad_refine_medium_isolated_lowqrs_baseli_e05c1215b526
subtype_isolated_lowqrs_best,qrs_peak_count,0.0675735294117647,26.0,25.0,0.23529411764705882,20.0,21.0,30.0,29.0,0.011911764705882353,0.009117647058823529,0.05352941176470588,0.06970588235294117,center_or_both_tails,target_higher,0.23529411764705882,nl_n6800_gm_trim_bad_refine_medium_isolated_lowqrs_baseli_e05c1215b526
subtype_isolated_lowqrs_best,rr_count_detector_a,0.0675735294117647,26.0,25.0,0.23529411764705882,20.0,21.0,30.0,29.0,0.011911764705882353,0.009117647058823529,0.05352941176470588,0.06970588235294117,center_or_both_tails,target_higher,0.23529411764705882,nl_n6800_gm_trim_bad_refine_medium_isolated_lowqrs_baseli_e05c1215b526
subtype_isolated_lowqrs_best,qrs_count_high,0.0675735294117647,1.0,1.0,0.0,0.0,0.0,1.0,1.0,0.0,0.0,0.0,0.0,center_or_both_tails,target_lower,0.0,nl_n6800_gm_trim_bad_refine_medium_isolated_lowqrs_baseli_e05c1215b526
subtype_isolated_lowqrs_best,low_amp_ratio,0.06507352941176471,0.18,0.1864,-0.07766990291262156,0.0952,0.1016,0.2976,0.2768,0.018823529411764704,0.01911764705882353,0.06235294117647059,0.08602941176470588,center_or_both_tails,target_lower,0.25242718446601925,nl_n6800_gm_trim_bad_refine_medium_isolated_lowqrs_baseli_e05c1215b526
subtype_isolated_lowqrs_best,hjorth_complexity,0.06375,1.8028211549495436,1.8396242835820698,-0.06912803157670361,1.5621328901189564,1.5189174878157652,3.8819928028339783,3.837567444088395,0.00014705882352941175,0.0225,0.01764705882352941,0.0525,missing_high_tail,target_lower,0.08344501449414639,nl_n6800_gm_trim_bad_refine_medium_isolated_lowqrs_baseli_e05c1215b526
subtype_isolated_lowqrs_best,wavelet_e2,0.05801470588235294,0.1690081787331732,0.1663829033189498,0.02167992982869002,0.02705779352327896,0.029341484931637768,0.27338612776023763,0.27109316450325055,0.01647058823529412,0.003088235294117647,0.05647058823529412,0.05529411764705883,center_or_both_tails,target_higher,0.018935644710614125,nl_n6800_gm_trim_bad_refine_medium_isolated_lowqrs_baseli_e05c1215b526
subtype_isolated_lowqrs_best,qrs_band_ratio,0.03426470588235294,0.5082665664138364,0.507127154218979,0.006588124017603852,0.1938624035737294,0.2020501718132513,0.6334209483919371,0.6295245526083615,0.017058823529411765,0.02,0.054705882352941174,0.05970588235294118,center_or_both_tails,target_higher,0.04734198285118501,nl_n6800_gm_trim_bad_refine_medium_isolated_lowqrs_baseli_e05c1215b526
subtype_isolated_lowqrs_best,amplitude_entropy,0.031838235294117646,0.7166078581935977,0.7191045948419609,-0.025120825328805763,0.6270733159024992,0.6154213357658557,0.8464121227507416,0.8603857781553109,0.0017647058823529412,0.003676470588235294,0.027352941176470587,0.03264705882352941,center_or_both_tails,target_lower,0.0,nl_n6800_gm_trim_bad_refine_medium_isolated_lowqrs_baseli_e05c1215b526
subtype_isolated_lowqrs_best,contact_loss_win_ratio,0.0008823529411764706,0.0,0.0,0.0,0.0,0.0,0.0,0.0,0.0,0.0008823529411764706,0.0,0.0008823529411764706,center_or_both_tails,target_lower,0.0,nl_n6800_gm_trim_bad_refine_medium_isolated_lowqrs_baseli_e05c1215b526
subtype_isolated_lowqrs_best,qrs_count_low,0.0,0.0,0.0,0.0,0.0,0.0,0.0,0.0,0.0,0.0,0.0,0.0,center_or_both_tails,target_lower,0.0,nl_n6800_gm_trim_bad_refine_medium_isolated_lowqrs_baseli_e05c1215b526
subtype_isolated_lowqrs_best,clipping_like_ratio,0.0,0.0152,0.0152,0.0,0.0152,0.0152,0.0152,0.0152,0.0,0.0,0.0,0.0,center_or_both_tails,target_lower,0.0,nl_n6800_gm_trim_bad_refine_medium_isolated_lowqrs_baseli_e05c1215b526
subtype_isolated_lowqrs_best,fatal_or_score,0.0,1.0,1.0,0.0,1.0,1.0,1.0,1.0,0.0,0.0,0.0,0.0,center_or_both_tails,target_lower,0.0,nl_n6800_gm_trim_bad_refine_medium_isolated_lowqrs_baseli_e05c1215b526
subtype_high_detail_best,sqi_iSQI,1.0,0.0,0.8333333333333056,-833333333.3333056,0.0,0.6923076923076658,0.0,0.9999999999999524,1.0,0.0,1.0,0.0,missing_low_tail,target_lower,692307692.3076657,nl_n6800_gm_trim_bad_refine_medium_high_amplitude_detail__e4a986e84c74
subtype_high_detail_best,mean_abs,0.5733823529411765,0.1320511214102152,0.09799835282181735,1.782153300143624,0.10779596753241406,0.05175351064355805,0.1529464993658627,0.18005204919288512,0.0,0.0,0.0,0.0004411764705882353,center_or_both_tails,target_higher,0.0,nl_n6800_gm_trim_bad_refine_medium_high_amplitude_detail__e4a986e84c74
subtype_high_detail_best,sqi_bSQI,0.4464705882352941,0.9090909090908263,0.8148148148147847,1.1218855218848167,0.69999999999993,0.6538461538461288,0.99999999999995,0.99999999999995,0.018676470588235294,0.0008823529411764706,0.03455882352941177,0.04323529411764706,center_or_both_tails,target_higher,0.0,nl_n6800_gm_trim_bad_refine_medium_high_amplitude_detail__e4a986e84c74
subtype_high_detail_best,band_1_5,0.4289705882352941,0.207657989822072,0.2986812430956929,-1.047758881893783,0.11047369586062412,0.15739354844889356,0.3978850791600749,0.5879929416555738,0.04044117647058824,0.0,0.18941176470588236,0.0033823529411764705,missing_low_tail,target_lower,0.5400893784660341,nl_n6800_gm_trim_bad_refine_medium_high_amplitude_detail__e4a986e84c74
subtype_high_detail_best,sqi_pSQI,0.4263235294117647,0.5796416693176585,0.6577174692365622,-1.1296050987051027,0.5140206710537001,0.469895937678722,0.6805920952126249,0.8801712608206502,0.0008823529411764706,0.0,0.009411764705882352,0.0,center_or_both_tails,target_lower,0.0,nl_n6800_gm_trim_bad_refine_medium_high_amplitude_detail__e4a986e84c74
subtype_high_detail_best,hjorth_activity,0.4108088235294118,0.046351872783297346,0.028457772641859898,0.5912439319574049,0.026091059902315382,0.007324586812376975,0.09513725293263792,0.09175822464497012,0.0,0.0,0.0,0.05955882352941176,missing_high_tail,target_higher,0.11164741200758244,nl_n6800_gm_trim_bad_refine_medium_high_amplitude_detail__e4a986e84c74
subtype_high_detail_best,std,0.4108088235294118,0.21529483740833405,0.16869408797749724,0.6677759275141372,0.161527251981388,0.08558371349699369,0.3084432672031275,0.30291616563243645,0.0,0.0,0.0,0.05955882352941176,missing_high_tail,target_higher,0.07920184595552264,nl_n6800_gm_trim_bad_refine_medium_high_amplitude_detail__e4a986e84c74
subtype_high_detail_best,hf_ratio,0.40683823529411767,0.1418219696501608,0.08973432493363034,0.8259067896325639,0.041250854421403776,0.01966137484948635,0.2078551075375283,0.21670890459887027,0.0010294117647058824,0.0007352941176470588,0.009558823529411765,0.03176470588235294,center_or_both_tails,target_higher,0.0,nl_n6800_gm_trim_bad_refine_medium_high_amplitude_detail__e4a986e84c74
subtype_high_detail_best,rms,0.39125,0.21817561857461526,0.1718826722608407,0.6431723564113195,0.16283436656277478,0.08665167458101616,0.3157985626728129,0.3102375068400105,0.0,0.0,0.0,0.05838235294117647,missing_high_tail,target_higher,0.07726268619576253,nl_n6800_gm_trim_bad_refine_medium_high_amplitude_detail__e4a986e84c74
subtype_high_detail_best,diff_abs_p95,0.38036764705882353,0.2667609473690389,0.15779806710779598,0.6363878484421109,0.07655783567577598,0.06271055815741411,0.44113837031647496,0.3473675192892548,0.009558823529411765,0.0413235294117647,0.03,0.25838235294117645,missing_high_tail,target_higher,0.5476601755453417,nl_n6800_gm_trim_bad_refine_medium_high_amplitude_detail__e4a986e84c74
subtype_high_detail_best,band_15_30,0.3239705882352941,0.24283120247031484,0.1706963838967781,0.815809366715912,0.06564602927869385,0.029528237535623045,0.31591899131025813,0.3261819746638432,0.0002941176470588235,0.000588235294117647,0.006764705882352941,0.027647058823529413,center_or_both_tails,target_higher,0.0,nl_n6800_gm_trim_bad_refine_medium_high_amplitude_detail__e4a986e84c74
subtype_high_detail_best,detail_instability,0.3236029411764706,1.1123475790674604,0.803818332851608,0.5313103592441866,0.4939781677934125,0.4448843275340217,1.7569641912558325,1.5716050202494325,0.0075,0.015147058823529411,0.0275,0.12014705882352941,missing_high_tail,target_higher,0.31920230883951406,nl_n6800_gm_trim_bad_refine_medium_high_amplitude_detail__e4a986e84c74
subtype_high_detail_best,band_30_45,0.32198529411764704,0.029728287923601403,0.01697987861116075,0.5952097635576054,0.00911401081823549,0.005214243687930685,0.056352374910295745,0.05479800588159876,0.005,0.0022058823529411764,0.015294117647058824,0.056911764705882356,missing_high_tail,target_higher,0.07257184793628757,nl_n6800_gm_trim_bad_refine_medium_high_amplitude_detail__e4a986e84c74
subtype_high_detail_best,wavelet_e4,0.32088235294117645,0.00748722300813795,0.0041626660792179,0.5499530495886059,0.001199081189478945,0.00102851326099522,0.015596244702505264,0.01430531553912531,0.013970588235294118,0.0016176470588235294,0.03823529411764706,0.08088235294117647,missing_high_tail,target_higher,0.21354738251821562,nl_n6800_gm_trim_bad_refine_medium_high_amplitude_detail__e4a986e84c74
subtype_high_detail_best,qrs_width_median,0.31683823529411764,0.0211779147380511,0.023234252348742247,-0.6165365501313691,0.01798490495653942,0.01766344137442771,0.02860763148033566,0.04830719928027966,0.0007352941176470588,0.002352941176470588,0.024558823529411765,0.011323529411764706,center_or_both_tails,target_lower,0.0,nl_n6800_gm_trim_bad_refine_medium_high_amplitude_detail__e4a986e84c74
subtype_high_detail_best,ptp_p99_p01,0.29323529411764704,1.3402539010345933,1.0319398591667412,0.5330410199456661,0.7911232970505953,0.49256146274879575,2.0029873564913867,1.780533042825758,0.0,0.0007352941176470588,0.0,0.14176470588235293,missing_high_tail,target_higher,0.3845990066792476,nl_n6800_gm_trim_bad_refine_medium_high_amplitude_detail__e4a986e84c74
subtype_high_detail_best,diff_zero_crossing_rate,0.28308823529411764,0.4807692307692308,0.4511217948717949,0.3135593220338982,0.3317307692307692,0.3733974358974359,0.5849358974358975,0.5160657051282052,0.06102941176470588,0.1575,0.10867647058823529,0.26955882352941174,missing_high_tail,target_higher,0.7283898305084743,nl_n6800_gm_trim_bad_refine_medium_high_amplitude_detail__e4a986e84c74
subtype_high_detail_best,sample_entropy_proxy,0.2741176470588235,0.5117133818268584,0.5640651505191145,-0.5408892117232545,0.3942004475844756,0.40328298764340453,0.6487675272462959,0.7609006283999259,0.011911764705882353,0.0,0.06544117647058824,0.0007352941176470588,missing_low_tail,target_lower,0.09383919694857681,nl_n6800_gm_trim_bad_refine_medium_high_amplitude_detail__e4a986e84c74
subtype_high_detail_best,hjorth_mobility,0.27095588235294116,0.6299365300340141,0.5461649783108334,0.5291158217270013,0.29348514788667474,0.3016265332919412,0.7482536939921153,0.7443886609005639,0.023088235294117646,0.0016176470588235294,0.054705882352941174,0.057352941176470586,center_or_both_tails,target_higher,0.05142241894883976,nl_n6800_gm_trim_bad_refine_medium_high_amplitude_detail__e4a986e84c74
subtype_high_detail_best,non_qrs_diff_p95,0.2615441176470588,0.10551272956654414,0.07693177093751716,0.4446531674013073,0.043727522175758954,0.03419560448266567,0.21586166305467452,0.18278549107140846,0.0058823529411764705,0.011323529411764706,0.019852941176470587,0.11,missing_high_tail,target_higher,0.5145882203871458,nl_n6800_gm_trim_bad_refine_medium_high_amplitude_detail__e4a986e84c74
subtype_high_detail_best,spectral_entropy,0.2523529411764706,0.7893228424861936,0.7428544011016835,0.4734632680012637,0.6055660621116344,0.5766725470946588,0.8495155085146664,0.8441886104756429,0.003235294117647059,0.006911764705882353,0.03073529411764706,0.08044117647058824,missing_high_tail,target_higher,0.05427534211866914,nl_n6800_gm_trim_bad_refine_medium_high_amplitude_detail__e4a986e84c74
subtype_high_detail_best,qrs_slope_median,0.2386764705882353,2.6496984873924863,1.6880768226908645,0.47021888976819354,0.31226620064090765,0.3327120660683865,3.615661232862882,3.668799572638713,0.02911764705882353,0.0,0.057058823529411766,0.03573529411764706,center_or_both_tails,target_higher,0.009997728311000662,nl_n6800_gm_trim_bad_refine_medium_high_amplitude_detail__e4a986e84c74
subtype_high_detail_best,lf_ratio,0.23720588235294118,0.06715480518140074,0.03136882531028125,0.2249563285849069,0.00501923496706526,0.00756941501427239,0.4908699252636009,0.34626958818288117,0.0488235294117647,0.025441176470588234,0.08426470588235294,0.10588235294117647,center_or_both_tails,target_higher,0.908980585664234,nl_n6800_gm_trim_bad_refine_medium_high_amplitude_detail__e4a986e84c74
subtype_high_detail_best,band_0p3_1,0.23720588235294118,0.06715480518140074,0.03136882531028125,0.2249563285849069,0.00501923496706526,0.00756941501427239,0.4908699252636009,0.34626958818288117,0.0488235294117647,0.025441176470588234,0.08426470588235294,0.10588235294117647,center_or_both_tails,target_higher,0.908980585664234,nl_n6800_gm_trim_bad_refine_medium_high_amplitude_detail__e4a986e84c74
subtype_high_detail_best,baseline_step,0.21323529411764705,0.6545280848315063,0.5011886819923181,0.2541604150666673,0.22647946040907715,0.25054034593830193,1.6979897721648094,1.387302352571007,0.03544117647058823,0.021470588235294116,0.06764705882352941,0.11558823529411764,missing_high_tail,target_higher,0.5149651169749574,nl_n6800_gm_trim_bad_refine_medium_high_amplitude_detail__e4a986e84c74
subtype_high_detail_best,local_rms_cv,0.20301470588235293,0.1680181778255857,0.14307532056776345,0.1823893790515329,0.0832477194773219,0.0741615642405266,0.5165171374101901,0.40952658271897174,0.0022058823529411764,0.028823529411764706,0.032205882352941174,0.10264705882352941,missing_high_tail,target_higher,0.7823458488658386,nl_n6800_gm_trim_bad_refine_medium_high_amplitude_detail__e4a986e84c74
subtype_high_detail_best,periodicity,0.18551470588235294,0.8064293618372984,0.7911906324800775,0.15044774452252302,0.7381539395905039,0.7281689397961608,0.9850916698973435,0.8860193837412083,0.006911764705882353,0.12308823529411765,0.027647058823529413,0.2163235294117647,missing_high_tail,target_higher,0.9781131777773618,nl_n6800_gm_trim_bad_refine_medium_high_amplitude_detail__e4a986e84c74
subtype_high_detail_best,wavelet_e3,0.18007352941176472,0.06554559284783909,0.047450520655564654,0.3772805963216118,0.009349740627857645,0.00667957531287232,0.11403234354809175,0.11876596795395884,0.0033823529411764705,0.0013235294117647058,0.032058823529411765,0.036470588235294116,center_or_both_tails,target_higher,0.0,nl_n6800_gm_trim_bad_refine_medium_high_amplitude_detail__e4a986e84c74
subtype_high_detail_best,sqi_basSQI,0.17066176470588235,0.9434639174293884,0.9607783484456855,-0.1349015001892742,0.5853351861375841,0.770796865020661,0.9925156664564356,0.9891251214687204,0.05367647058823529,0.04338235294117647,0.1489705882352941,0.08970588235294118,missing_low_tail,target_lower,1.4449830136144477,nl_n6800_gm_trim_bad_refine_medium_high_amplitude_detail__e4a986e84c74
subtype_high_detail_best,diff_abs_median,0.16933823529411765,0.023520307615399298,0.0196877140551805,0.2892942204878125,0.0095679717138409,0.00857154149562115,0.047573943808674704,0.04277954502031201,0.003235294117647059,0.025735294117647058,0.027941176470588237,0.07264705882352941,missing_high_tail,target_higher,0.36189380334603405,nl_n6800_gm_trim_bad_refine_medium_high_amplitude_detail__e4a986e84c74
subtype_high_detail_best,spurious_peak_density,0.16125,5.7,5.9,-0.2500000000000003,4.7,5.1,6.7,6.6,0.03558823529411765,0.022794117647058822,0.14205882352941177,0.054558823529411764,missing_low_tail,target_lower,0.49999999999999944,nl_n6800_gm_trim_bad_refine_medium_high_amplitude_detail__e4a986e84c74
subtype_high_detail_best,medium_detail_unreliable_score,0.15654411764705883,0.24402235336777306,0.1423842662453771,0.3507105933849699,0.022655791036582145,0.015034156677282664,0.44928540713665693,0.4349303648667809,0.007941176470588234,0.0007352941176470588,0.030294117647058822,0.07455882352941176,missing_high_tail,target_higher,0.04953325603690164,nl_n6800_gm_trim_bad_refine_medium_high_amplitude_detail__e4a986e84c74
subtype_high_detail_best,aggressive_peak_count,0.1511764705882353,83.0,85.0,-0.25,72.0,75.95,91.0,91.0,0.029558823529411766,0.027205882352941177,0.125,0.04044117647058824,missing_low_tail,target_lower,0.49375000000000036,nl_n6800_gm_trim_bad_refine_medium_high_amplitude_detail__e4a986e84c74
subtype_high_detail_best,sqi_fSQI,0.14926470588235294,0.0024019215372297,0.0032025620496397,-0.333333333333361,0.0,0.0008006405124099,0.0072057646116893,0.0080064051240992,0.0,0.00411764705882353,0.060147058823529415,0.027647058823529413,missing_low_tail,target_lower,0.33333333333331944,nl_n6800_gm_trim_bad_refine_medium_high_amplitude_detail__e4a986e84c74
subtype_high_detail_best,detector_count_std,0.14463235294117646,2.160246899469287,1.699673171197595,0.2714524744664266,0.4714045207910317,0.4714045207910317,4.109609335312651,3.741657386773941,0.0,0.018235294117647058,0.038088235294117645,0.09338235294117647,missing_high_tail,target_higher,0.21686314434473397,nl_n6800_gm_trim_bad_refine_medium_high_amplitude_detail__e4a986e84c74
subtype_high_detail_best,detector_agreement,0.14463235294117646,0.3164309725825327,0.3704152082810796,-0.28199093799865715,0.1957096784462507,0.2108967220595339,0.6796227589829592,0.6796227589829592,0.018235294117647058,0.0,0.09338235294117647,0.038088235294117645,missing_low_tail,target_lower,0.0793307271747022,nl_n6800_gm_trim_bad_refine_medium_high_amplitude_detail__e4a986e84c74
subtype_high_detail_best,template_corr,0.12941176470588237,0.5593680851656369,0.5409996823970356,0.0890400804236163,0.36319457087924784,0.36051104110744703,0.9505144731249761,0.8403905567442386,0.008529411764705883,0.05411764705882353,0.04764705882352941,0.1748529411764706,missing_high_tail,target_higher,0.5338211762138487,nl_n6800_gm_trim_bad_refine_medium_high_amplitude_detail__e4a986e84c74
subtype_high_detail_best,non_qrs_rms_ratio,0.12911764705882353,0.4960938607658666,0.44746819412917815,0.2068248860725592,0.3003726913585725,0.2660965623808081,0.8180356278543981,0.8130216679207654,0.001176470588235294,0.010735294117647058,0.015588235294117648,0.05235294117647059,missing_high_tail,target_higher,0.021326426222474333,nl_n6800_gm_trim_bad_refine_medium_high_amplitude_detail__e4a986e84c74
subtype_high_detail_best,higuchi_fd_proxy,0.12161764705882352,1.4974841660408762,1.470260570353661,0.2229049818722576,1.3604010458957485,1.3392162775161818,1.7054048421477908,1.6475270297800306,0.006470588235294118,0.03764705882352941,0.03058823529411765,0.09514705882352942,missing_high_tail,target_higher,0.4738996591365135,nl_n6800_gm_trim_bad_refine_medium_high_amplitude_detail__e4a986e84c74
subtype_high_detail_best,rr_count_detector_b,0.11661764705882353,22.0,22.0,0.0,18.0,18.0,26.0,27.0,0.002058823529411765,0.003088235294117647,0.024558823529411765,0.023088235294117646,center_or_both_tails,target_lower,0.0,nl_n6800_gm_trim_bad_refine_medium_high_amplitude_detail__e4a986e84c74
subtype_high_detail_best,qrs_prom_median,0.10389705882352941,3.414851266226729,3.0139089537103496,0.1340784391240217,0.8140177918519959,0.7309459876034339,5.24855083835571,5.508700512692007,0.01088235294117647,0.0004411764705882353,0.03264705882352941,0.008529411764705883,center_or_both_tails,target_higher,0.0,nl_n6800_gm_trim_bad_refine_medium_high_amplitude_detail__e4a986e84c74
subtype_high_detail_best,flatline_ratio,0.10220588235294117,0.0848678943154523,0.0928742994395516,-0.1785714285714291,0.0432345876701361,0.0488390712570056,0.1673338670936749,0.18178542834267405,0.02176470588235294,0.0058823529411764705,0.07588235294117647,0.03132352941176471,missing_low_tail,target_lower,0.12500000000000036,nl_n6800_gm_trim_bad_refine_medium_high_amplitude_detail__e4a986e84c74
subtype_high_detail_best,wavelet_e1,0.1011764705882353,0.24196993955151946,0.2635787601847688,-0.1449252733896838,0.048294491749637444,0.07308353319061556,0.37874886190050483,0.3961000360954583,0.017058823529411765,0.005147058823529412,0.08735294117647059,0.025294117647058825,missing_low_tail,target_lower,0.1662542657406353,nl_n6800_gm_trim_bad_refine_medium_high_amplitude_detail__e4a986e84c74
subtype_high_detail_best,rr_count_detector_c,0.1000735294117647,23.0,23.0,0.0,16.0,18.0,28.0,26.0,0.03588235294117647,0.03338235294117647,0.0988235294117647,0.11691176470588235,center_or_both_tails,target_lower,0.4,nl_n6800_gm_trim_bad_refine_medium_high_amplitude_detail__e4a986e84c74
subtype_high_detail_best,qrs_visibility,0.09757352941176471,0.25340365301367207,0.2179342850731942,0.1254132147105813,0.03330001983151798,0.032686408126790994,0.4537408527454071,0.4628775515491696,0.014705882352941176,0.0007352941176470588,0.04735294117647059,0.03411764705882353,center_or_both_tails,target_higher,0.0,nl_n6800_gm_trim_bad_refine_medium_high_amplitude_detail__e4a986e84c74
subtype_high_detail_best,sqi_sSQI,0.09389705882352942,2.6353028288223523,2.8928995881142097,-0.11937735234976521,-0.2691526913625039,0.26142866390221625,4.1250626789274625,4.456244982184747,0.02426470588235294,0.001911764705882353,0.10102941176470588,0.017058823529411765,missing_low_tail,target_lower,0.24588584721242113,nl_n6800_gm_trim_bad_refine_medium_high_amplitude_detail__e4a986e84c74
subtype_high_detail_best,wavelet_e0,0.08941176470588236,0.5036662771713726,0.48805313089015573,0.04968224869664797,0.2734198559642724,0.3067065834017628,0.9118761093969101,0.8657538099067277,0.027941176470588237,0.015441176470588236,0.10529411764705883,0.08455882352941177,center_or_both_tails,target_higher,0.14676475275769543,nl_n6800_gm_trim_bad_refine_medium_high_amplitude_detail__e4a986e84c74
subtype_high_detail_best,hjorth_complexity,0.07713235294117647,1.8028211549495436,1.8525389912159418,-0.093385977851662,1.5621328901189564,1.5256423324813715,3.8819928028339783,3.8167052268104293,0.00014705882352941175,0.021911764705882353,0.021029411764705883,0.052941176470588235,missing_high_tail,target_lower,0.12263092254971017,nl_n6800_gm_trim_bad_refine_medium_high_amplitude_detail__e4a986e84c74
subtype_high_detail_best,wavelet_e2,0.07433823529411765,0.1690081787331732,0.1638193641828736,0.04285003193764296,0.02705779352327896,0.028650576721468996,0.27338612776023763,0.27132880920075514,0.01588235294117647,0.0029411764705882353,0.05514705882352941,0.054705882352941174,center_or_both_tails,target_higher,0.01698965440471182,nl_n6800_gm_trim_bad_refine_medium_high_amplitude_detail__e4a986e84c74
subtype_high_detail_best,zero_crossing_rate,0.07411764705882352,0.1152922337870296,0.1176941553242594,-0.03750000000000027,0.0456365092073658,0.06080864691753401,0.2169735788630904,0.1945556445156125,0.03147058823529412,0.03882352941176471,0.1075,0.08573529411764706,center_or_both_tails,target_lower,0.3499999999999985,nl_n6800_gm_trim_bad_refine_medium_high_amplitude_detail__e4a986e84c74
subtype_high_detail_best,sqi_kSQI,0.07264705882352941,14.051650016496506,14.72996615639057,-0.06337463143967499,3.8615581405866477,3.731374204414915,24.58928850716582,27.333472168062922,0.016029411764705882,0.007794117647058824,0.045,0.031911764705882355,center_or_both_tails,target_lower,0.0,nl_n6800_gm_trim_bad_refine_medium_high_amplitude_detail__e4a986e84c74
subtype_high_detail_best,qrs_prom_p90,0.07205882352941176,5.551110243488319,5.6011655487393455,-0.032660054927677165,2.9649811624243423,2.972709854235866,7.063771518999083,6.941634716653323,0.0072058823529411765,0.019411764705882354,0.05073529411764706,0.05838235294117647,center_or_both_tails,target_lower,0.07969174602569327,nl_n6800_gm_trim_bad_refine_medium_high_amplitude_detail__e4a986e84c74
subtype_high_detail_best,qrs_count_deviation,0.06507352941176471,1.0,1.0,0.0,0.6428571428571429,0.7142857142857143,1.0,1.0,0.011911764705882353,0.0,0.05352941176470588,0.0,missing_low_tail,target_lower,0.4999999999999996,nl_n6800_gm_trim_bad_refine_medium_high_amplitude_detail__e4a986e84c74
subtype_high_detail_best,qrs_peak_count,0.06507352941176471,26.0,25.0,0.23529411764705882,20.0,21.0,30.0,29.0,0.011911764705882353,0.009117647058823529,0.05352941176470588,0.06970588235294117,center_or_both_tails,target_higher,0.23529411764705882,nl_n6800_gm_trim_bad_refine_medium_high_amplitude_detail__e4a986e84c74
subtype_high_detail_best,rr_count_detector_a,0.06507352941176471,26.0,25.0,0.23529411764705882,20.0,21.0,30.0,29.0,0.011911764705882353,0.009117647058823529,0.05352941176470588,0.06970588235294117,center_or_both_tails,target_higher,0.23529411764705882,nl_n6800_gm_trim_bad_refine_medium_high_amplitude_detail__e4a986e84c74
subtype_high_detail_best,qrs_count_high,0.06507352941176471,1.0,1.0,0.0,0.0,0.0,1.0,1.0,0.0,0.0,0.0,0.0,center_or_both_tails,target_lower,0.0,nl_n6800_gm_trim_bad_refine_medium_high_amplitude_detail__e4a986e84c74
subtype_high_detail_best,low_amp_ratio,0.04580882352941176,0.18,0.1848,-0.058252427184466,0.0952,0.09996000000000001,0.2976,0.2728799999999999,0.016323529411764705,0.021323529411764706,0.05926470588235294,0.09279411764705882,missing_high_tail,target_lower,0.30000000000000093,nl_n6800_gm_trim_bad_refine_medium_high_amplitude_detail__e4a986e84c74
subtype_high_detail_best,amplitude_entropy,0.04463235294117647,0.7166078581935977,0.7228105246380845,-0.06240790370380043,0.6270733159024992,0.6153283918424391,0.8464121227507416,0.8622637171973095,0.0016176470588235294,0.002058823529411765,0.027352941176470587,0.03147058823529412,center_or_both_tails,target_lower,0.0,nl_n6800_gm_trim_bad_refine_medium_high_amplitude_detail__e4a986e84c74
subtype_high_detail_best,band_5_15,0.04316176470588235,0.41847533091837796,0.42570253783345696,-0.05136408688258279,0.16642394378881306,0.18127212178873076,0.5323878003056198,0.5396192641429264,0.01764705882352941,0.0007352941176470588,0.060588235294117644,0.036470588235294116,center_or_both_tails,target_lower,0.10552667355414859,nl_n6800_gm_trim_bad_refine_medium_high_amplitude_detail__e4a986e84c74
subtype_high_detail_best,qrs_band_ratio,0.03963235294117647,0.5082665664138364,0.500687699272668,0.043821293877946345,0.1938624035737294,0.2019297645130709,0.6334209483919371,0.6341516783888882,0.017205882352941175,0.008970588235294117,0.054705882352941174,0.04867647058823529,center_or_both_tails,target_higher,0.04664578332848935,nl_n6800_gm_trim_bad_refine_medium_high_amplitude_detail__e4a986e84c74
subtype_high_detail_best,contact_loss_win_ratio,0.0008823529411764706,0.0,0.0,0.0,0.0,0.0,0.0,0.0,0.0,0.0008823529411764706,0.0,0.0008823529411764706,center_or_both_tails,target_lower,0.0,nl_n6800_gm_trim_bad_refine_medium_high_amplitude_detail__e4a986e84c74
subtype_high_detail_best,qrs_count_low,0.0,0.0,0.0,0.0,0.0,0.0,0.0,0.0,0.0,0.0,0.0,0.0,center_or_both_tails,target_lower,0.0,nl_n6800_gm_trim_bad_refine_medium_high_amplitude_detail__e4a986e84c74
subtype_high_detail_best,clipping_like_ratio,0.0,0.0152,0.0152,0.0,0.0152,0.0152,0.0152,0.0152,0.0,0.0,0.0,0.0,center_or_both_tails,target_lower,0.0,nl_n6800_gm_trim_bad_refine_medium_high_amplitude_detail__e4a986e84c74
subtype_high_detail_best,fatal_or_score,0.0,1.0,1.0,0.0,1.0,1.0,1.0,1.0,0.0,0.0,0.0,0.0,center_or_both_tails,target_lower,0.0,nl_n6800_gm_trim_bad_refine_medium_high_amplitude_detail__e4a986e84c74
